# rows of the given matrix
nrows: 64
# cols of the given matrix
ncols: 64
# data type of the given matrix
type: double
# element value
value:
78.6049, 49.5932, 53.7655, 7.23845, 46.6218, 67.9185, 33.5851, 21.2035, 19.5147, 0.221312, 89.3981, 43.6175, 27.3385, 43.8077, 80.7697, 6.5278, 31.1692, 98.1471, 39.3731, 98.8054, 32.1757, 74.1438, 90.0511, 91.1982, 8.09601, 74.9802, 87.4473, 84.6488, 14.8652, 28.3433, 20.8483, 90.2272, 86.5479, 30.0788, 71.1856, 69.3253, 91.5162, 71.5225, 75.8045, 34.5976, 22.551, 11.8134, 47.6155, 66.6574, 83.1029, 48.2361, 42.2777, 14.091, 19.8079, 32.764, 79.8066, 36.1449, 26.2376, 99.8166, 55.5411, 11.4391, 98.7571, 80.5176, 51.1699, 38.3076, 35.6217, 81.2027, 64.385, 81.1133
98.4842, 62.0515, 61.0951, 17.3333, 99.4165, 31.4083, 73.4686, 6.79141, 24.0709, 79.5152, 59.8775, 7.64611, 1.59067, 98.6846, 91.1465, 88.5638, 49.5366, 28.3725, 38.2204, 83.164, 66.6868, 28.7493, 99.6969, 93.3781, 63.5261, 12.0817, 46.0273, 93.8794, 48.9826, 92.1572, 90.255, 30.7678, 89.0303, 60.0594, 30.4317, 40.7962, 69.9336, 1.26839, 39.7482, 43.411, 47.7403, 11.5023, 34.5589, 36.9503, 32.992, 66.8772, 53.7534, 26.5965, 90.2851, 57.0721, 20.5857, 63.0687, 78.544, 21.9823, 6.75513, 83.1112, 74.567, 24.7408, 86.4033, 52.921, 33.2576, 18.7524, 40.0492, 35.0852
78.4471, 18.1072, 16.9041, 94.5422, 44.0195, 84.1096, 47.352, 1.21423, 15.6061, 88.7829, 47.7219, 60.0851, 26.0433, 75.3595, 71.6825, 60.4737, 49.283, 85.8674, 64.9935, 39.3639, 93.9985, 55.9445, 92.654, 15.1061, 20.5748, 16.9182, 21.2303, 54.5039, 26.0404, 84.9372, 87.1089, 76.2617, 68.9409, 79.8574, 4.49884, 38.2297, 79.2627, 54.1784, 26.8394, 46.2594, 19.0185, 56.0346, 93.3086, 4.79445, 48.1349, 17.1723, 38.8785, 93.1311, 34.1419, 22.9506, 79.9953, 76.3007, 14.5734, 24.495, 70.9087, 96.2409, 46.2317, 21.5305, 66.3807, 26.4432, 25.1113, 48.4253, 62.1722, 18.5213
99.4743, 45.0175, 52.8143, 55.4942, 93.3369, 50.083, 38.1402, 4.32153, 37.2244, 80.2572, 56.4362, 74.9208, 50.7155, 16.2005, 47.259, 24.5571, 25.952, 60.4147, 79.5775, 60.9338, 9.96012, 69.9608, 47.2709, 96.9907, 19.9552, 55.2101, 65.5033, 67.3266, 43.5496, 65.7512, 65.761, 13.5856, 14.2644, 73.9229, 7.19928, 85.0567, 86.4322, 80.9464, 43.3842, 44.2644, 1.75922, 4.57298, 84.8549, 7.1616, 55.02, 73.1732, 18.5405, 38.2539, 85.2664, 13.1074, 56.2317, 63.0137, 14.5628, 91.2727, 42.4181, 70.6795, 23.9232, 53.5297, 30.1639, 50.0265, 2.39571, 35.6094, 80.3517, 3.33831
20.1046, 4.32437, 91.6803, 73.465, 23.74, 1.57917, 13.9639, 87.3217, 89.7192, 62.1414, 71.5455, 10.2449, 48.2154, 22.6034, 97.2445, 93.8666, 63.8264, 47.9895, 61.197, 20.712, 4.04636, 15.3329, 50.6436, 72.5935, 73.4301, 94.8938, 91.034, 18.9092, 80.6235, 5.73277, 87.1903, 61.9133, 19.363, 78.5829, 59.9845, 87.6352, 37.3395, 74.0523, 47.3005, 53.6906, 90.3673, 98.4503, 19.6348, 72.8827, 39.4688, 77.3075, 37.2773, 10.6886, 93.7722, 95.0386, 83.6173, 69.7959, 80.4349, 28.8268, 67.7809, 59.6456, 82.5333, 48.5955, 68.6454, 4.87525, 80.9099, 82.7583, 90.3931, 64.402
79.8829, 83.4054, 19.8715, 48.736, 31.8939, 40.4807, 20.914, 7.47502, 71.5765, 24.7672, 96.1598, 2.99328, 32.4436, 55.4294, 7.09705, 99.7871, 81.5195, 49.7397, 76.2985, 78.9179, 48.0935, 95.3044, 38.7327, 11.8047, 0.376504, 42.5183, 66.2975, 41.2006, 36.1311, 63.8343, 75.6773, 6.00571, 22.0369, 81.5784, 65.3519, 67.5013, 37.2956, 53.6655, 53.0228, 37.3539, 31.6009, 2.80952, 64.5135, 19.809, 79.7971, 81.8933, 49.9052, 73.2061, 18.3799, 50.8176, 48.7884, 6.31587, 10.1868, 22.6303, 32.1806, 37.1583, 60.3072, 53.8199, 40.1797, 15.3288, 47.9454, 48.7268, 56.191, 99.8301
78.2355, 57.0144, 87.3137, 91.792, 35.8565, 61.322, 70.7178, 11.4532, 1.33315, 81.7855, 33.2884, 83.0764, 93.6876, 82.5096, 1.97504, 51.8259, 3.25853, 14.2644, 2.70949, 42.7479, 51.8072, 50.9512, 37.2064, 33.3862, 63.6717, 49.1981, 98.4605, 51.3011, 88.9073, 14.8721, 31.1315, 4.21758, 83.51, 91.6876, 68.6891, 37.6613, 98.4473, 4.60362, 85.7074, 26.3829, 37.9682, 76.8467, 94.6331, 97.0362, 98.9289, 96.0855, 82.069, 39.9338, 68.4969, 32.7801, 93.0965, 91.9174, 85.3402, 58.2262, 36.8615, 37.882, 42.5331, 47.107, 97.875, 92.2047, 78.0023, 75.6651, 34.8969, 16.949
45.9166, 55.1892, 81.5346, 58.9216, 52.4711, 39.1199, 18.9445, 95.5361, 54.6057, 57.9137, 19.2432, 67.2119, 28.9934, 41.1819, 57.8718, 80.5708, 42.8942, 68.4704, 8.13838, 97.286, 14.4542, 94.1247, 25.4521, 53.2406, 7.0347, 46.39, 90.1318, 72.8386, 41.665, 28.7748, 11.7195, 7.29454, 92.7699, 19.5019, 55.255, 69.0265, 42.9088, 1.09932, 76.646, 3.72693, 70.2289, 57.7665, 18.3267, 7.96647, 2.93317, 14.3423, 98.9201, 91.0866, 19.4687, 79.859, 78.497, 27.8446, 50.6463, 85.8465, 48.9805, 90.8449, 40.1606, 55.866, 1.85336, 59.4255, 40.0858, 70.1367, 84.556, 80.9341
97.8584, 42.046, 25.7814, 86.0069, 61.3895, 5.53627, 41.3401, 73.9331, 5.40633, 27.83, 6.27026, 93.722, 9.84842, 76.0222, 60.018, 99.4881, 14.3507, 11.3474, 66.2664, 28.4396, 42.6654, 2.89821, 63.1966, 11.8374, 20.4855, 90.5461, 37.3678, 1.12897, 76.6651, 11.9745, 14.5557, 78.6347, 67.0579, 33.1096, 50.7147, 24.7073, 6.23807, 46.7412, 68.5318, 82.8362, 88.0472, 61.9461, 40.4051, 9.8559, 74.6379, 60.5284, 97.0357, 57.348, 33.0744, 67.8373, 70.4691, 13.7129, 45.3201, 20.5191, 60.5324, 16.2543, 28.234, 97.1283, 80.3694, 94.0672, 12.5272, 86.336, 31.2362, 62.9668
19.8821, 79.8945, 61.0185, 45.7126, 61.4367, 40.7358, 12.5712, 76.9396, 44.8722, 95.7043, 56.3933, 9.54002, 32.0769, 31.5474, 9.75701, 77.7251, 40.9546, 70.4814, 67.5148, 3.20794, 85.2962, 56.2107, 63.1883, 79.305, 89.534, 25.8531, 68.9856, 20.3761, 90.9694, 94.6239, 88.262, 66.3446, 25.7054, 30.8381, 45.4269, 19.7313, 67.0661, 74.3413, 77.9419, 18.0718, 90.0355, 30.4744, 98.9209, 46.1967, 1.87549, 64.196, 78.9494, 37.6148, 64.9157, 3.7059, 95.3656, 84.5798, 99.1431, 69.1968, 13.2392, 79.2023, 8.85206, 7.99587, 78.9438, 58.1971, 87.8375, 15.1221, 46.7619, 95.5362
13.6375, 81.4256, 76.4189, 18.2584, 39.5896, 75.1872, 78.3305, 59.2564, 52.856, 85.1203, 23.8271, 54.7348, 48.6828, 8.52414, 93.8079, 8.13851, 20.9871, 82.8213, 43.7723, 74.4789, 61.0569, 62.3401, 40.4583, 15.8786, 47.1953, 45.0166, 10.2985, 70.0988, 48.2422, 49.7996, 18.2481, 11.3448, 0.814303, 27.4949, 18.5636, 12.3961, 19.8354, 18.5772, 65.4771, 65.4948, 42.2133, 66.7029, 97.7956, 24.8649, 7.37538, 2.1438, 48.8477, 35.6158, 24.1786, 52.9508, 89.3696, 25.7886, 79.8392, 70.9216, 25.482, 0.764035, 22.7183, 89.0856, 2.47502, 61.405, 98.1562, 78.8383, 73.494, 26.1281
27.7646, 53.4142, 71.9199, 54.6971, 49.4526, 10.3582, 49.4912, 49.3305, 86.5386, 17.811, 11.4625, 73.0713, 89.1973, 38.6389, 47.0496, 17.8829, 29.7029, 64.3641, 79.7193, 27.0598, 38.5828, 70.8298, 51.9359, 29.8542, 54.4671, 19.9535, 1.28807, 20.1322, 66.8303, 84.1222, 19.5635, 25.0564, 85.2875, 66.5144, 93.7119, 1.11576, 50.0156, 3.25912, 99.4638, 44.9452, 71.645, 27.65, 53.7217, 78.5999, 99.3991, 0.710617, 2.1279, 52.3569, 19.0097, 21.3949, 74.0251, 82.1856, 89.2924, 73.1402, 54.4598, 20.4893, 98.8915, 78.4775, 6.82512, 52.2306, 13.4774, 32.4782, 82.4814, 76.7391
72.2743, 87.3627, 41.3515, 5.80827, 99.4094, 21.0564, 44.5446, 39.539, 95.1558, 59.9755, 2.60481, 99.8911, 23.4341, 21.8459, 64.5087, 52.191, 18.6804, 95.4499, 42.89, 89.5599, 79.1598, 15.0469, 1.97331, 59.3135, 27.2997, 31.73, 38.0404, 31.4671, 64.9603, 0.672078, 34.9246, 95.3601, 12.7499, 38.4866, 44.956, 91.7014, 37.5725, 87.4538, 44.2343, 31.9379, 46.9086, 27.4807, 67.3346, 89.8224, 86.3803, 78.3804, 45.9545, 38.5756, 4.65101, 33.4039, 40.6886, 7.17226, 6.44951, 18.2225, 84.0488, 89.9578, 36.4009, 89.8141, 89.1289, 57.853, 51.6517, 13.7431, 24.857, 66.3617
70.4886, 30.5835, 60.3812, 25.1999, 20.3526, 94.9071, 54.8506, 58.3344, 90.3404, 98.0677, 3.35517, 88.4882, 57.9833, 18.3783, 8.38007, 81.8123, 18.4429, 14.8138, 28.0319, 10.2868, 2.99408, 68.3804, 97.6012, 62.2784, 65.1415, 45.3675, 45.547, 11.8137, 22.242, 20.9909, 25.9807, 80.5853, 14.4282, 67.785, 33.3176, 10.0758, 19.0452, 42.7331, 74.1356, 88.0909, 71.5648, 83.5357, 65.9371, 73.5797, 37.819, 18.6879, 17.2233, 2.07236, 22.6287, 53.9754, 83.7497, 76.8289, 6.59988, 93.3166, 30.97, 72.5348, 51.4338, 57.7693, 83.5355, 30.0474, 98.268, 16.0647, 68.7359, 84.4134
32.6972, 18.8566, 6.61126, 60.0269, 35.0638, 11.1492, 45.927, 88.7546, 61.4203, 61.4057, 93.571, 95.3618, 62.8333, 93.1562, 66.4262, 23.8306, 45.3403, 69.8184, 85.1408, 87.8192, 34.6306, 57.1579, 45.3289, 68.0637, 86.7789, 22.8299, 8.30671, 91.044, 28.5623, 94.8993, 86.5567, 48.7151, 7.25345, 27.3695, 48.5878, 97.4333, 40.2995, 37.2179, 39.839, 53.2679, 70.7643, 63.8472, 21.762, 59.9823, 40.6613, 81.8125, 0.0135354, 4.17004, 73.2402, 94.482, 9.90958, 30.7765, 12.788, 43.5295, 41.256, 62.5271, 68.4008, 6.83942, 47.7258, 62.837, 81.9265, 77.9901, 43.8817, 75.9923
76.809, 82.4606, 11.3229, 34.4814, 76.1857, 18.3038, 34.2142, 2.54732, 6.76964, 78.9416, 0.37318, 49.2961, 69.3608, 53.1242, 11.8063, 51.9294, 13.1663, 34.5033, 69.9571, 81.1449, 30.84, 12.8276, 15.3874, 50.4727, 31.6044, 49.3426, 9.55256, 65.919, 13.9989, 30.3636, 28.4567, 15.4286, 21.7905, 39.7774, 18.2157, 78.0651, 70.5256, 25.6088, 76.7817, 98.0382, 42.5241, 60.5689, 29.6729, 31.9399, 66.1991, 33.5095, 41.7724, 80.9974, 25.6944, 83.9555, 60.3974, 8.21234, 12.2078, 38.3957, 54.8208, 71.7279, 14.0361, 73.6217, 85.0197, 92.8862, 6.61943, 74.4412, 92.7166, 2.30521
69.5366, 73.6877, 52.2193, 68.1981, 82.2887, 75.0371, 8.42812, 52.8302, 80.5064, 6.98729, 17.1191, 21.5695, 23.8667, 70.5462, 85.6189, 45.8818, 18.2034, 98.4573, 91.2825, 83.4181, 95.867, 37.4569, 46.3203, 22.7752, 12.1594, 47.4307, 5.38474, 55.9467, 6.52174, 99.5116, 95.6677, 10.8353, 84.8521, 94.991, 81.8928, 50.4743, 95.3885, 84.4033, 10.661, 45.6701, 81.8898, 15.7145, 0.75187, 64.5252, 78.1143, 5.00759, 0.714953, 12.8714, 82.3066, 74.3816, 81.9174, 37.7159, 3.72893, 69.0695, 89.8373, 29.8607, 31.2156, 37.4187, 49.4881, 32.5226, 54.1681, 82.6049, 27.5602, 60.3197
74.4924, 59.6191, 69.3068, 99.4315, 58.8561, 47.596, 22.1423, 68.696, 55.3093, 74.8926, 79.7907, 81.0312, 25.5672, 96.1311, 9.54917, 90.596, 79.2626, 32.5906, 71.9967, 6.34771, 66.1141, 82.0484, 43.2391, 21.1358, 83.6896, 77.4614, 9.09493, 8.21929, 13.9611, 44.3104, 77.462, 90.8835, 42.5491, 74.0609, 23.6733, 5.08933, 50.8361, 37.7798, 59.6133, 73.3744, 95.4469, 13.7568, 39.3808, 19.1742, 84.0713, 79.7952, 7.33765, 46.5527, 34.49, 86.0903, 13.1216, 83.8681, 59.3025, 56.9269, 26.2224, 21.0386, 75.8269, 76.862, 7.70034, 97.026, 15.2358, 10.8333, 0.775245, 61.4454
9.12246, 21.4167, 89.1629, 98.4203, 37.2203, 24.2926, 47.9733, 1.11985, 7.12996, 90.6133, 92.4582, 82.4883, 42.4013, 14.8643, 27.1844, 90.8931, 1.75464, 77.8052, 75.6012, 57.1936, 60.8204, 45.4389, 89.629, 26.3191, 62.5247, 20.0088, 94.8022, 45.4571, 21.2086, 56.1283, 37.5386, 82.0708, 48.599, 99.0117, 44.1331, 56.2239, 44.0042, 65.5508, 90.059, 8.74705, 77.5258, 40.2696, 31.4709, 34.6679, 6.09149, 68.5579, 99.142, 82.5274, 65.881, 93.803, 6.95118, 43.1648, 98.3509, 67.1188, 89.5672, 48.5418, 55.3019, 15.7549, 16.8593, 29.7794, 92.7168, 55.0235, 80.8164, 94.0975
78.9758, 38.1189, 91.1647, 57.8778, 40.416, 12.3949, 7.60287, 0.417581, 17.6723, 15.9787, 65.3739, 58.817, 7.53044, 72.4362, 20.8262, 62.2455, 33.9524, 88.4033, 6.16048, 7.39947, 54.4481, 60.5457, 60.9033, 11.6638, 34.4069, 25.4658, 24.2671, 72.5835, 50.6728, 2.27883, 34.9012, 50.164, 17.8169, 80.8233, 57.1343, 68.3243, 65.3428, 5.2972, 93.8577, 78.4984, 64.6771, 70.6493, 34.1274, 40.0712, 45.7323, 54.0194, 86.3119, 55.7732, 96.0837, 53.1937, 16.5435, 8.47485, 15.611, 74.6682, 83.5589, 56.6518, 3.43079, 1.1397, 57.6109, 38.3876, 52.0395, 14.4673, 34.0913, 61.9964
67.5579, 42.7785, 51.3023, 44.6813, 40.7157, 73.5423, 81.6624, 97.597, 16.1745, 46.272, 83.1382, 95.6937, 32.7034, 78.5722, 37.8112, 58.9732, 76.7703, 27.5553, 96.7222, 42.8201, 21.7952, 69.4454, 99.8059, 8.99376, 56.9987, 34.6453, 6.29674, 98.1498, 54.7586, 34.6781, 50.8868, 89.5702, 19.0218, 36.7413, 84.3613, 18.2475, 78.4255, 94.9414, 84.0196, 43.6748, 23.7329, 1.94892, 84.9515, 43.473, 71.0012, 6.60752, 68.5914, 79.9891, 77.1937, 53.19, 75.8812, 20.0209, 94.5938, 16.4377, 15.9828, 51.5112, 50.8788, 1.179, 40.2014, 75.7833, 14.6251, 57.2686, 28.1768, 38.5999
53.7306, 37.1398, 80.5768, 26.6209, 74.175, 20.5299, 6.01468, 95.2351, 53.9851, 89.8944, 98.1123, 12.8911, 17.8378, 53.6442, 8.86898, 75.4201, 60.0834, 22.1863, 10.331, 62.9315, 34.0592, 26.5852, 53.172, 60.3903, 28.7228, 71.163, 15.1681, 68.1403, 55.305, 81.2193, 50.6593, 86.6266, 32.9905, 23.9704, 8.29186, 63.4966, 11.3235, 31.9561, 67.2505, 18.96, 35.5323, 45.1632, 89.1943, 3.44141, 9.81981, 18.003, 9.04281, 65.5311, 59.4236, 12.6672, 81.2936, 75.0602, 3.78146, 74.7626, 68.9765, 47.3158, 85.8586, 17.5942, 44.2754, 62.5084, 86.2632, 36.4238, 52.0838, 92.1063
59.2754, 8.80208, 91.7871, 61.0073, 38.9574, 32.4204, 79.0551, 33.6098, 35.3428, 18.1342, 43.3556, 91.5017, 21.2826, 74.3725, 64.8309, 19.6129, 0.300705, 57.7334, 28.8182, 75.1194, 85.2372, 54.5513, 85.7043, 10.092, 70.8066, 99.1918, 52.9004, 41.2392, 12.9985, 4.77071, 65.3209, 89.7159, 62.5706, 4.5682, 71.2548, 0.817637, 14.8451, 81.9603, 14.3456, 39.7373, 44.4323, 97.2077, 66.9994, 50.9464, 57.5925, 50.0583, 4.23405, 12.7304, 88.2268, 63.4709, 38.823, 53.5303, 68.3159, 42.8713, 82.7537, 27.115, 51.357, 25.2281, 6.58841, 15.1472, 45.8245, 16.6302, 86.699, 67.6667
81.41, 34.4206, 9.45725, 20.2291, 6.36738, 83.3968, 94.8057, 43.5623, 88.7939, 43.0318, 3.74914, 79.2296, 9.66562, 57.2653, 48.1965, 28.0477, 33.8981, 19.8859, 92.4064, 2.40068, 70.5189, 22.3746, 99.166, 56.0452, 42.7456, 66.268, 15.7848, 27.8891, 15.0153, 86.8141, 69.5935, 83.0717, 75.3563, 44.6966, 38.0413, 13.9683, 41.1582, 29.6512, 52.0821, 9.28932, 0.242439, 34.9481, 84.6451, 98.9653, 92.0245, 16.835, 86.3775, 39.0611, 67.0268, 52.4166, 51.702, 1.13259, 38.4499, 77.7581, 23.4125, 84.5654, 62.5712, 82.2367, 8.83507, 83.7199, 10.6103, 49.7932, 56.942, 45.6069
74.5072, 26.1813, 16.7581, 52.185, 71.0425, 96.3886, 72.7647, 79.5504, 24.136, 62.1703, 74.0698, 54.7403, 84.4686, 22.2047, 54.7274, 93.5462, 23.3215, 28.6633, 83.6149, 22.8907, 40.0221, 75.9246, 70.0282, 49.4282, 62.6428, 11.1143, 81.4734, 60.2487, 53.9974, 11.9622, 12.088, 96.1581, 67.573, 77.0866, 98.0996, 49.6581, 64.584, 48.8698, 62.1812, 33.6452, 60.9673, 76.0327, 2.19231, 30.7984, 91.1462, 51.3794, 2.15648, 69.3687, 55.3145, 37.3114, 45.8256, 41.0554, 15.3017, 40.4315, 64.9217, 36.1495, 38.392, 71.2608, 61.8783, 49.5, 7.03306, 87.4065, 19.55, 33.1438
6.912, 69.8838, 36.2388, 83.003, 88.9645, 84.5688, 31.7585, 44.7444, 39.0488, 62.9227, 34.4756, 33.9175, 67.2955, 56.2102, 20.8028, 58.1158, 37.6848, 39.2084, 92.9457, 36.3023, 75.847, 7.88696, 70.3925, 27.9535, 97.0335, 77.3765, 90.0337, 67.808, 22.9556, 37.0444, 87.4758, 76.8119, 42.799, 88.4603, 1.39571, 23.2042, 28.0641, 31.9056, 85.3344, 73.04, 27.4478, 84.3715, 10.7165, 6.37057, 22.3545, 16.9095, 12.3829, 47.0141, 25.4093, 54.2188, 87.2873, 51.2375, 33.4633, 76.4412, 19.0013, 63.8259, 10.5142, 88.9831, 19.5244, 76.7999, 77.7428, 42.8172, 86.8408, 35.6122
75.231, 12.9583, 80.5132, 36.7407, 96.9605, 66.2114, 60.2525, 71.5463, 15.0975, 56.812, 84.8634, 27.4207, 54.2078, 6.18003, 22.7962, 7.19505, 55.4829, 7.49139, 55.8287, 59.1483, 64.9195, 41.3574, 79.6778, 5.73127, 75.1197, 94.7248, 4.49456, 28.3831, 22.8224, 94.2731, 23.3934, 51.3725, 88.3224, 15.3456, 15.2596, 72.003, 55.6307, 74.5753, 56.4547, 14.6628, 84.3052, 0.651826, 9.83727, 93.7718, 12.9253, 21.0521, 78.3938, 97.2207, 73.8778, 61.4522, 0.683273, 60.2428, 76.2564, 76.4831, 94.8088, 38.7704, 25.7076, 54.9089, 21.4055, 4.39527, 11.6145, 20.2564, 22.6157, 42.8758
82.5765, 94.3306, 95.8514, 31.7828, 45.3324, 34.6255, 11.284, 91.9726, 70.9733, 76.2054, 1.66926, 75.4572, 28.9067, 12.805, 71.7643, 64.5902, 1.35745, 29.0018, 90.5718, 58.9391, 48.3594, 91.6098, 25.6712, 92.993, 9.57648, 64.4628, 96.2271, 47.446, 40.8145, 49.463, 42.326, 48.1565, 43.7637, 1.50983, 31.5091, 74.5077, 79.4795, 58.8862, 21.5, 24.9656, 44.447, 25.7781, 86.1772, 1.3694, 79.3955, 55.8463, 99.4254, 89.6668, 7.80208, 25.384, 76.738, 17.1362, 54.3334, 43.5235, 33.6987, 98.9951, 59.1491, 21.6246, 30.4378, 15.0115, 17.4441, 99.0791, 59.3089, 48.9586
5.59311, 60.3827, 88.724, 57.4421, 9.10128, 55.2041, 80.7104, 45.3838, 24.6109, 16.4025, 41.4751, 2.62944, 71.0602, 97.5485, 57.4741, 17.1471, 35.5559, 66.0261, 60.7105, 9.81581, 47.6054, 49.6388, 30.0779, 74.936, 1.5438, 43.4153, 36.1401, 65.9942, 13.8956, 84.9567, 6.45044, 83.5831, 36.5703, 24.4026, 15.5765, 84.3429, 76.4934, 8.65139, 49.2515, 2.14239, 44.3724, 5.57528, 8.17215, 58.6625, 61.2954, 11.5246, 23.2244, 1.99216, 66.7337, 45.6332, 22.7446, 89.3653, 5.10235, 85.1939, 61.3945, 62.3562, 84.4152, 14.5642, 63.2954, 22.5591, 10.1387, 23.3366, 33.1206, 5.97266
93.6541, 7.2307, 27.4988, 62.4765, 59.0817, 46.4311, 39.5292, 61.1893, 35.4777, 31.5847, 6.47525, 8.7513, 63.4607, 82.0651, 81.6448, 46.2839, 93.7777, 26.1951, 28.3271, 85.1735, 21.4352, 98.6072, 18.8169, 86.152, 47.5962, 48.1263, 89.2574, 31.4152, 21.599, 37.0134, 75.3792, 11.0366, 87.4467, 5.27111, 47.1426, 2.69188, 70.0534, 54.3756, 49.335, 81.1421, 29.8063, 40.0559, 21.222, 24.895, 63.5415, 65.8895, 24.8566, 38.4363, 79.2993, 96.5532, 25.7199, 52.0587, 52.0413, 40.2314, 44.8693, 76.6616, 73.6464, 91.2891, 30.6098, 89.8519, 95.9725, 81.2287, 90.7718, 24.0966
53.4878, 92.9074, 93.9901, 10.7831, 10.9899, 43.6508, 92.6666, 80.6825, 2.08934, 15.2035, 10.863, 1.69425, 1.73195, 71.8701, 86.3402, 61.4682, 86.4551, 20.6738, 20.041, 2.56627, 38.3156, 92.7371, 92.2059, 35.92, 23.0272, 93.1659, 20.1513, 33.5317, 5.20581, 5.39416, 90.6311, 39.8637, 23.7382, 6.21453, 86.3529, 59.8765, 15.713, 81.5354, 81.2024, 72.543, 55.7269, 28.1719, 47.1497, 25.4445, 49.1936, 76.0459, 3.62234, 48.4618, 3.7885, 99.088, 3.52858, 95.3751, 71.1303, 12.7321, 34.431, 34.2684, 21.5413, 34.2346, 52.5519, 36.2095, 64.5513, 53.3843, 50.1993, 14.4211
44.9902, 60.2493, 47.8373, 41.0995, 70.0596, 16.0933, 73.7736, 4.48149, 70.3769, 91.0174, 44.8447, 92.3101, 1.35047, 26.9614, 4.638, 40.3317, 96.7273, 2.36861, 19.414, 71.1802, 52.6641, 87.8457, 50.2869, 65.3431, 64.2306, 52.5843, 18.9359, 78.5008, 76.4335, 45.6423, 49.5734, 28.9789, 34.1841, 50.0473, 42.5205, 52.2479, 95.9467, 43.8916, 85.2563, 34.4098, 13.0166, 81.7856, 41.2317, 32.6037, 4.53704, 38.3196, 40.3557, 81.7604, 79.2881, 13.4107, 76.3127, 9.94253, 72.7623, 98.6415, 29.4958, 48.2707, 44.3731, 53.1344, 37.0657, 1.67517, 69.4962, 1.43462, 55.9146, 26.1582
18.4819, 39.9583, 43.0775, 22.3093, 60.9199, 0.604897, 88.2551, 81.8989, 29.9519, 18.5339, 72.1977, 93.6968, 65.0358, 89.7949, 77.2405, 20.2853, 44.3127, 31.8637, 19.8566, 7.16064, 33.5258, 31.1149, 33.9673, 14.8074, 29.3665, 8.70746, 48.3628, 8.88766, 8.89905, 22.4924, 18.5306, 5.71963, 27.8758, 54.1601, 85.5633, 84.8475, 9.39541, 28.2036, 89.9553, 70.3599, 53.2823, 91.031, 27.5055, 84.8723, 32.3847, 27.0807, 30.5222, 40.4128, 9.43106, 41.064, 26.187, 65.315, 74.4509, 96.6957, 95.4275, 5.70637, 99.0123, 13.2505, 61.2968, 4.38674, 56.005, 47.6921, 95.663, 26.0788
46.8389, 33.4194, 54.8031, 24.9026, 8.69012, 77.0743, 62.9027, 71.2053, 79.6525, 18.5314, 47.6451, 81.5636, 35.0522, 0.0185823, 2.25426, 59.6634, 14.4564, 42.9637, 3.10587, 80.6409, 71.2503, 32.4991, 13.8851, 45.4045, 41.4588, 52.7328, 56.3741, 48.5295, 13.6089, 89.2578, 17.5933, 78.0978, 40.6668, 40.9849, 42.0431, 61.1696, 49.5919, 62.8539, 47.261, 6.94268, 36.2791, 35.5255, 32.9877, 88.9936, 66.9588, 34.5265, 18.7679, 22.6625, 17.8905, 66.4803, 8.81135, 23.4475, 56.9762, 7.35593, 85.8634, 99.3626, 47.6626, 90.8112, 20.3759, 58.9885, 82.2761, 10.2081, 83.8419, 99.7081
67.254, 99.9108, 18.7952, 81.183, 79.9444, 84.4778, 26.0756, 73.635, 33.5443, 66.7557, 38.254, 57.803, 11.6686, 20.4232, 0.22792, 96.0071, 71.6833, 20.1871, 43.1412, 86.5442, 39.6555, 17.5815, 14.6044, 63.067, 99.9195, 34.8802, 79.0566, 48.294, 27.7539, 81.5638, 97.1889, 12.3528, 90.6769, 97.973, 30.5709, 63.2175, 2.68495, 63.422, 1.96114, 39.5718, 64.8748, 63.6882, 15.2161, 3.50003, 90.4164, 13.4619, 22.5922, 65.9784, 93.023, 30.0596, 29.9404, 89.3201, 81.7291, 1.56245, 70.7142, 77.6412, 40.3194, 29.6094, 77.7546, 70.1085, 81.0754, 84.8418, 49.8827, 60.9032
9.09318, 22.7838, 86.1416, 36.5139, 58.0502, 91.5039, 35.6242, 0.553486, 17.9414, 21.7978, 29.4966, 5.30968, 16.6114, 99.617, 97.0243, 52.4875, 49.8454, 63.7707, 96.286, 25.6538, 57.2748, 96.1837, 57.9542, 39.304, 19.767, 5.37586, 70.1351, 19.6393, 33.11, 55.8702, 19.0297, 87.4821, 32.9231, 2.72597, 60.1641, 42.4251, 11.1172, 72.9818, 77.7118, 98.9205, 32.3049, 82.0098, 74.3557, 88.8027, 65.0293, 76.3362, 88.9351, 93.9251, 20.7223, 43.7151, 59.708, 12.7569, 30.7929, 56.7715, 25.9452, 74.1158, 1.99872, 92.8237, 4.27472, 48.9337, 63.3478, 87.6537, 92.081, 60.2011
74.9286, 64.3756, 39.6453, 89.5579, 22.2906, 48.831, 28.1529, 82.7988, 98.9469, 23.5803, 48.3412, 77.8389, 28.6955, 80.8154, 73.1658, 50.1352, 35.4423, 66.9736, 88.0577, 83.0446, 98.1604, 67.8983, 29.18, 97.634, 22.1638, 74.5969, 88.3141, 82.3163, 85.853, 10.1625, 93.2243, 74.0301, 28.9002, 91.2061, 64.658, 9.29417, 81.3006, 25.742, 80.5995, 29.6907, 50.2196, 66.3702, 21.4481, 60.5021, 23.2022, 69.6598, 13.6148, 15.8956, 10.371, 37.1229, 71.7293, 42.5968, 59.5552, 39.9851, 77.2282, 78.9689, 72.7261, 65.7622, 11.5751, 15.2674, 97.9431, 35.8187, 96.7588, 66.0339
0.00207006, 21.5953, 81.2335, 64.1465, 11.2734, 57.614, 33.5744, 13.3539, 66.7522, 87.4661, 7.11127, 83.4414, 60.4645, 75.6921, 57.0818, 94.9874, 9.57608, 73.1765, 71.1956, 2.82033, 73.0361, 96.1367, 85.7269, 78.9999, 97.1215, 73.9471, 16.3887, 88.6966, 78.4429, 46.7114, 55.0888, 41.7336, 95.2084, 71.1096, 34.182, 94.7226, 40.4898, 61.3475, 70.9753, 27.5732, 81.7445, 65.8567, 23.8139, 6.26451, 5.36865, 53.8003, 49.1182, 97.1927, 55.5083, 28.611, 22.986, 88.8728, 66.8707, 55.2047, 14.3602, 91.2719, 43.3935, 43.9451, 61.4797, 16.6962, 4.86574, 41.6148, 57.6263, 31.1831
68.5574, 37.0793, 68.7622, 3.95353, 8.75264, 4.06004, 24.3439, 93.4083, 19.7503, 90.8098, 30.7771, 20.4179, 74.7386, 37.2741, 1.76153, 94.5151, 93.5307, 42.8871, 29.7989, 70.5847, 16.4898, 79.9127, 55.895, 99.0643, 78.7739, 22.0575, 15.2975, 34.2091, 34.2155, 27.1778, 80.9218, 42.9577, 5.12896, 50.5236, 32.6307, 97.0044, 74.395, 19.7036, 55.7078, 64.5014, 35.7717, 28.7783, 65.9421, 97.7064, 73.9012, 98.9833, 54.7619, 92.9158, 56.9184, 71.2864, 6.95865, 0.355221, 61.0406, 23.7556, 13.827, 92.7921, 46.4307, 43.9797, 22.3687, 59.2796, 46.2376, 27.2077, 51.7918, 68.7955
76.2069, 77.716, 31.6573, 21.085, 48.0945, 41.6816, 93.5924, 48.2944, 28.9125, 5.54389, 26.3876, 27.4521, 22.5617, 82.6883, 33.8696, 75.089, 75.149, 15.687, 36.0489, 41.6692, 66.9552, 94.3696, 68.1054, 18.0577, 70.3801, 95.0135, 92.7831, 24.5877, 21.7294, 23.8929, 27.5621, 11.8488, 52.4385, 62.3013, 32.2491, 77.9524, 44.0682, 95.2774, 78.4058, 4.06912, 58.0294, 2.51049, 82.4903, 12.2839, 37.7945, 54.3272, 93.5601, 39.6708, 8.20604, 99.9973, 3.61644, 20.9986, 18.0417, 90.5583, 4.90251, 63.6554, 71.5816, 33.6051, 63.5341, 19.7476, 82.3143, 42.68, 73.3051, 74.1738
23.7121, 27.7967, 20.9405, 70.2084, 83.5278, 32.4049, 68.8524, 62.9233, 39.4781, 91.2196, 17.3379, 65.1922, 86.0016, 17.7445, 52.3578, 11.2664, 18.132, 81.8233, 41.5438, 5.94114, 68.3253, 87.4896, 5.75104, 38.3483, 62.8791, 37.2459, 48.1997, 81.6412, 50.2986, 51.1576, 43.7432, 32.1306, 73.9843, 30.3348, 2.80679, 27.3364, 20.0549, 58.4211, 3.14505, 65.2122, 82.9494, 56.5875, 16.1981, 86.1323, 52.0374, 46.9293, 59.948, 45.1369, 62.39, 41.5218, 71.3642, 99.8356, 51.9807, 83.047, 55.5398, 64.2538, 93.957, 56.1767, 35.9877, 36.0103, 24.1735, 47.2039, 11.3146, 47.7751
38.0819, 19.9285, 0.373425, 87.9817, 75.9622, 14.015, 86.8987, 90.4715, 89.3918, 42.6217, 89.2489, 35.1878, 68.4803, 29.2083, 89.6562, 18.6821, 81.8529, 25.6336, 88.5009, 79.1605, 43.9406, 73.4723, 53.3524, 19.1275, 72.2471, 9.8747, 59.3119, 23.269, 52.9512, 92.7063, 3.09945, 84.8137, 7.38312, 35.2848, 1.22426, 6.64779, 50.4541, 81.8928, 69.8622, 92.2459, 38.5189, 10.9246, 38.6716, 67.1446, 98.5127, 64.6327, 36.6003, 72.0336, 51.466, 79.3153, 5.36117, 10.1356, 42.0451, 7.7822, 39.158, 41.7266, 48.117, 39.7846, 32.5146, 48.7243, 9.83348, 51.4841, 53.7079, 61.9957
42.0164, 79.6764, 28.8867, 43.3602, 39.6353, 72.8792, 39.3446, 37.9495, 76.1698, 91.6563, 78.8732, 33.0213, 50.4633, 65.9612, 61.6824, 32.4652, 53.0639, 75.0196, 68.8583, 63.5121, 84.0176, 67.075, 60.6598, 84.1656, 16.7987, 66.3837, 53.5187, 3.22445, 90.79, 91.8188, 10.7451, 72.1821, 63.5232, 93.7785, 43.3844, 23.3361, 85.5785, 10.0112, 43.9924, 29.5605, 22.6743, 37.512, 86.673, 35.6967, 30.536, 67.3072, 46.0629, 90.1965, 66.6964, 68.1645, 90.9437, 79.6764, 9.68741, 47.637, 63.1838, 33.0034, 51.8588, 19.9158, 14.3697, 19.0449, 8.14088, 10.0802, 84.2502, 73.8815
93.9559, 89.0838, 41.2418, 64.2742, 14.8107, 32.1079, 73.7039, 12.3982, 32.5411, 30.4618, 48.0464, 86.7693, 5.86975, 55.3393, 81.2499, 56.164, 57.9856, 19.5814, 35.9844, 49.0781, 71.174, 91.4354, 81.4619, 48.7003, 1.07417, 99.8184, 36.3108, 33.8949, 63.1966, 5.83258, 39.9731, 63.2401, 84.0467, 32.5034, 16.4007, 15.8177, 52.2042, 61.7206, 75.2973, 41.4462, 46.3999, 94.5115, 14.4351, 32.4551, 21.6299, 93.2836, 61.8747, 29.129, 56.9551, 59.7241, 85.3405, 16.7721, 81.4769, 79.4379, 62.4618, 69.2375, 96.5105, 87.3153, 99.8302, 98.0048, 89.9195, 23.0597, 75.2847, 92.1523
97.3023, 34.5787, 86.0791, 46.1529, 71.5901, 61.5312, 80.6544, 85.5782, 8.02266, 61.9666, 73.1813, 17.6882, 70.5033, 72.5141, 57.7237, 46.6457, 37.9554, 53.5945, 95.3935, 6.80452, 66.7375, 5.76844, 74.1239, 1.17369, 42.0848, 92.6207, 7.50338, 18.6192, 61.0338, 80.9955, 5.75957, 99.2136, 95.0735, 84.7908, 68.8984, 4.1217, 82.8333, 97.5926, 91.6047, 51.9248, 96.2938, 2.88139, 23.0267, 51.6467, 37.9955, 82.2948, 47.0968, 24.7146, 0.489868, 4.08446, 20.2243, 37.6209, 73.1202, 58.7136, 24.075, 1.81645, 70.6815, 3.19827, 88.2637, 59.6218, 67.4784, 53.9941, 55.2142, 79.94
73.504, 1.12151, 91.8755, 0.692659, 96.0344, 5.2199, 92.4351, 91.314, 19.1577, 13.8895, 9.69677, 84.4259, 87.5983, 44.1533, 30.098, 84.3356, 81.7226, 22.5953, 14.7976, 82.7267, 47.2972, 37.7562, 47.0345, 21.0883, 7.38071, 19.1074, 86.9331, 73.1316, 46.7723, 73.1872, 46.5143, 75.4905, 65.7947, 56.6112, 65.4143, 51.4435, 98.8058, 15.2895, 84.42, 19.8999, 65.5264, 24.6177, 75.144, 99.8444, 27.3635, 40.1965, 32.6238, 33.4367, 27.7263, 17.8988, 39.0844, 1.17585, 68.3208, 17.6732, 59.6834, 73.0292, 37.7312, 95.3682, 80.2952, 20.1158, 85.838, 93.9009, 18.9777, 33.4915
8.06912, 15.2835, 75.8786, 27.9414, 22.2579, 85.2511, 86.922, 15.6374, 14.5619, 47.0137, 11.5962, 52.9676, 71.0627, 31.2432, 44.9931, 60.7168, 19.1898, 4.00968, 85.0047, 33.1289, 30.6793, 40.0479, 31.147, 47.854, 31.4756, 50.5313, 8.7818, 59.3789, 64.7059, 0.626276, 80.1856, 22.2672, 90.0324, 48.5565, 40.3969, 71.7486, 91.6745, 22.6465, 41.7271, 72.0719, 75.2161, 2.66205, 80.7779, 30.7357, 98.0274, 40.5527, 27.6596, 1.84985, 36.2274, 57.4915, 24.8971, 46.8544, 97.0579, 47.4525, 21.9543, 2.53912, 34.9065, 6.41764, 10.1714, 25.6219, 26.9988, 81.7578, 33.9706, 35.9231
99.4463, 32.3742, 44.6986, 50.91, 91.7302, 19.2622, 63.1056, 61.576, 52.3458, 35.4645, 56.9314, 78.6885, 23.087, 69.4587, 51.0792, 6.61151, 75.691, 48.8399, 54.12, 96.121, 50.5157, 55.715, 24.4763, 14.2023, 75.4337, 98.4658, 49.5156, 14.8403, 86.1493, 64.9406, 51.7749, 65.1632, 73.345, 46.291, 54.0989, 30.4294, 11.8731, 0.181407, 59.9195, 44.3721, 23.8538, 76.2706, 75.6654, 37.4998, 31.9896, 42.0227, 37.8325, 65.5395, 58.0846, 96.8697, 69.7989, 93.4892, 63.543, 91.0462, 67.2585, 70.8801, 62.8003, 54.5578, 58.1032, 95.6413, 70.2389, 81.7212, 99.0177, 17.7971
15.9834, 81.5014, 39.6742, 92.2911, 32.5702, 81.2003, 74.2949, 48.9658, 26.2623, 7.92682, 42.4798, 5.35844, 69.2606, 42.271, 66.2896, 37.8944, 89.6179, 29.3275, 43.9015, 80.7779, 77.7299, 91.6317, 95.5022, 69.1895, 89.0835, 41.2094, 23.7524, 96.1009, 57.3098, 57.942, 41.9298, 59.9882, 93.4777, 25.8303, 73.0644, 22.4267, 95.4224, 69.3311, 55.9743, 69.5461, 5.71607, 63.2899, 31.9816, 20.2909, 10.1487, 44.6953, 32.6664, 64.1172, 39.1716, 33.3865, 70.5017, 61.8975, 0.487913, 76.0504, 49.3313, 19.3869, 61.0779, 33.0502, 51.2685, 72.0363, 7.92967, 85.5706, 28.1586, 51.0208
48.3421, 64.2369, 25.9659, 62.5699, 2.71657, 89.6058, 3.35252, 2.23989, 73.5555, 57.206, 79.6689, 9.71524, 18.1426, 33.2391, 17.905, 85.6431, 73.9615, 20.8137, 13.3597, 95.3724, 70.1981, 8.07094, 0.156352, 62.2097, 92.5628, 3.96998, 33.3058, 28.9478, 24.0212, 62.4271, 79.3259, 85.1337, 13.9069, 67.4399, 69.0456, 90.4156, 1.8459, 90.2606, 27.9562, 15.5113, 41.649, 29.2281, 97.545, 88.69, 83.5445, 0.935288, 65.3938, 14.1857, 85.9761, 92.3564, 88.1875, 32.081, 63.0856, 0.664565, 92.784, 55.552, 11.3807, 19.9546, 19.397, 4.30252, 96.1569, 18.4805, 43.673, 81.293
17.3516, 12.9511, 50.5784, 99.4066, 12.8239, 70.9147, 59.3896, 57.3862, 97.6016, 68.3836, 78.5733, 6.5661, 47.8229, 31.796, 78.9701, 82.9938, 52.9667, 33.7547, 16.3292, 84.5899, 33.6955, 60.1905, 51.9672, 87.5573, 16.9193, 84.3986, 3.59174, 25.6096, 25.1259, 15.5201, 94.0962, 14.2556, 47.902, 56.7441, 59.3512, 81.7465, 95.468, 85.5831, 99.3605, 64.1513, 27.3445, 61.4511, 94.4272, 97.8531, 74.8934, 53.1339, 44.1312, 69.2736, 60.9641, 3.54396, 9.4377, 18.01, 32.0508, 91.0215, 44.0097, 48.4768, 22.6969, 88.1556, 56.3314, 88.6746, 72.0653, 33.1097, 24.2988, 23.6533
76.4015, 57.898, 32.3063, 50.3587, 6.01159, 42.2188, 4.38677, 55.7402, 76.3494, 58.443, 73.3645, 15.0445, 19.8539, 6.483, 65.9545, 78.5468, 85.5421, 45.0153, 49.7397, 68.177, 73.309, 23.5049, 79.2081, 62.5408, 91.8371, 18.588, 69.5015, 18.0357, 84.288, 20.6011, 56.1814, 26.8654, 71.5656, 78.1543, 58.3357, 26.39, 79.0854, 95.3223, 31.137, 16.3736, 65.1709, 30.7489, 29.9916, 22.7189, 97.8899, 25.0221, 26.6169, 39.2993, 10.4878, 65.654, 41.3278, 61.3319, 69.5197, 67.9821, 58.5642, 24.0731, 57.8409, 79.4938, 52.7572, 1.08236, 36.1022, 69.4224, 98.0738, 72.7694
2.24226, 88.7615, 13.2595, 66.4751, 91.0388, 2.33247, 92.0975, 40.8213, 44.7334, 74.3395, 32.2922, 40.8121, 5.46998, 64.5003, 70.7718, 31.6406, 46.929, 86.3285, 94.9568, 98.1399, 88.0679, 85.4421, 33.3705, 98.6124, 46.2153, 19.2722, 18.3852, 15.5326, 82.1856, 9.33076, 44.0023, 63.943, 35.8886, 99.8773, 83.9292, 93.6148, 80.5555, 14.0866, 61.7958, 71.2713, 1.26951, 76.3083, 81.5644, 11.2823, 65.8796, 83.4534, 37.9654, 91.4614, 16.2582, 54.9382, 41.0196, 29.5602, 8.32043, 20.1292, 86.1662, 84.8297, 20.2767, 51.3457, 56.6405, 62.6984, 28.3235, 31.1336, 89.9095, 92.5163
62.9319, 39.5524, 0.292571, 92.473, 39.895, 87.6198, 97.7508, 69.9507, 47.0005, 26.3452, 32.1538, 7.84779, 20.2795, 51.3442, 93.4581, 83.4806, 53.9856, 59.7232, 71.0583, 48.9251, 90.2701, 38.0987, 13.5145, 32.9617, 74.1145, 26.0461, 43.9549, 66.2027, 96.9137, 86.5146, 59.526, 57.3309, 75.1346, 65.2276, 81.0526, 22.365, 84.1423, 14.0622, 75.1373, 38.4982, 29.8743, 34.2401, 85.3089, 10.1649, 53.591, 30.4878, 95.9284, 55.7388, 87.4383, 76.4079, 13.7234, 74.9958, 92.859, 93.6554, 34.0234, 56.5924, 86.8503, 50.613, 17.25, 38.6966, 35.0993, 87.7002, 89.6898, 13.9297
8.20157, 70.5022, 60.8932, 44.2448, 30.553, 78.211, 11.0634, 89.6291, 55.5811, 94.0649, 47.6406, 28.5447, 61.5567, 31.6689, 24.9791, 30.4741, 92.5873, 20.7582, 56.0169, 17.269, 95.0148, 74.2618, 82.2895, 6.42183, 56.298, 13.5603, 33.9873, 49.2391, 50.4637, 18.1404, 28.4788, 66.6813, 42.3294, 87.159, 42.0897, 80.117, 6.96342, 44.3415, 90.4985, 29.05, 83.5949, 61.0916, 76.2814, 63.7386, 48.0121, 18.9634, 44.3967, 79.5733, 41.0862, 29.8872, 30.0113, 70.7851, 39.6325, 36.7878, 99.7479, 86.7066, 93.3578, 78.5766, 6.22, 2.04433, 4.05507, 23.1383, 42.5341, 96.2644
64.2693, 26.8521, 51.1468, 99.6458, 19.1657, 8.64753, 37.6292, 59.5699, 98.2169, 1.77566, 50.112, 67.812, 18.7878, 73.3655, 64.9292, 30.6173, 98.7082, 4.74322, 28.3737, 13.8445, 96.3185, 72.9028, 9.84175, 19.4055, 14.4195, 36.8105, 71.6022, 69.2226, 99.5102, 95.4805, 1.5141, 42.1456, 18.5396, 21.5783, 37.3645, 59.6976, 57.6768, 18.4235, 7.33773, 36.7102, 55.8473, 67.883, 25.2623, 44.7011, 78.9408, 31.3821, 1.62268, 55.7327, 42.9101, 12.4902, 71.0436, 38.4805, 34.4381, 98.0011, 8.08683, 85.7909, 44.9602, 76.63, 34.412, 52.5859, 11.8791, 64.5835, 71.9122, 44.8197
62.5714, 31.0495, 68.0279, 73.4774, 32.5719, 98.8955, 10.8767, 25.0222, 38.6333, 78.082, 90.9394, 20.0219, 46.1774, 5.17258, 27.9525, 86.6171, 57.2696, 1.66837, 82.0826, 51.316, 63.0089, 35.8282, 91.1037, 76.2867, 64.8117, 61.0142, 40.9251, 0.775169, 38.5981, 20.5016, 71.4444, 34.5889, 22.3, 32.1599, 85.5656, 37.7172, 93.5664, 93.1998, 3.20454, 36.6036, 82.0903, 49.9446, 31.9114, 33.7922, 17.8272, 47.9991, 95.0015, 56.9264, 73.6967, 10.9207, 1.40986, 33.5407, 73.2827, 14.0619, 22.358, 70.3868, 19.8928, 57.9026, 92.3693, 30.3766, 34.5719, 22.8876, 67.1287, 47.5351
5.58119, 4.11732, 37.2116, 25.2253, 9.32332, 97.8156, 17.8468, 95.8201, 80.4112, 60.5298, 85.7147, 3.26631, 19.8166, 89.9319, 57.7267, 33.4352, 74.3548, 1.10719, 28.561, 50.8932, 45.2907, 65.1116, 87.5341, 36.5339, 69.8234, 45.7508, 9.6965, 43.65, 24.688, 58.5646, 99.2569, 61.501, 0.419816, 74.4973, 36.7331, 93.8056, 18.8133, 59.3296, 45.2937, 23.2038, 49.3426, 39.8582, 48.0339, 32.0351, 27.0525, 22.6702, 62.5458, 43.6696, 41.3138, 29.6042, 52.9019, 72.3637, 83.4545, 23.8726, 94.7046, 72.6802, 82.2358, 31.0257, 7.36524, 80.6946, 49.4117, 79.0237, 79.0943, 10.1113
54.6792, 58.6013, 19.6369, 88.777, 4.34236, 66.7703, 53.2461, 7.09037, 45.0158, 15.4769, 20.244, 51.7214, 55.5405, 42.6802, 43.3978, 83.0725, 61.515, 60.1599, 31.8659, 62.3503, 30.2539, 38.3322, 61.0718, 87.0758, 33.8123, 24.9324, 7.70916, 28.7968, 53.2098, 56.9335, 29.9738, 46.4906, 73.2351, 67.5288, 6.31556, 92.7989, 46.5677, 16.6207, 82.6495, 33.4353, 77.1685, 59.4365, 75.708, 95.8795, 98.2265, 46.0039, 89.5572, 43.8078, 42.1588, 62.6774, 82.8293, 76.7638, 47.6819, 7.85222, 23.0216, 98.2271, 6.17338, 3.39715, 91.9748, 39.8328, 74.1532, 69.9638, 52.3879, 95.9413
14.8328, 58.2008, 21.3091, 41.9501, 42.83, 18.6042, 87.2811, 39.7352, 22.6297, 14.0706, 29.3829, 8.78086, 61.6337, 92.5271, 27.7912, 96.3648, 93.3856, 10.5707, 12.9138, 42.218, 76.015, 12.5328, 14.2344, 16.5818, 20.9869, 54.1457, 32.4123, 12.1101, 10.7333, 45.5956, 58.1655, 21.6283, 18.7487, 48.892, 97.4168, 82.9086, 36.4023, 66.6269, 99.8379, 75.6014, 63.2532, 62.3643, 76.9079, 96.9405, 36.4474, 99.1687, 23.3194, 48.9146, 4.35305, 79.2863, 87.1334, 98.579, 47.7758, 2.59312, 13.7976, 46.2162, 86.7376, 58.994, 80.6956, 93.5585, 44.7804, 41.6612, 36.6297, 55.5638
11.2833, 69.5209, 35.5638, 66.8888, 11.1944, 20.4998, 52.6815, 6.84931, 36.0726, 17.7705, 54.0314, 38.2512, 56.0284, 99.1577, 76.6069, 21.0132, 17.4413, 86.0556, 53.1044, 37.378, 9.88894, 44.0099, 61.3754, 2.49367, 82.4132, 86.0387, 55.3104, 54.7567, 6.15672, 97.9615, 16.3995, 88.0843, 90.4, 7.66651, 74.8588, 23.4082, 7.37605, 39.6018, 29.3889, 51.2222, 29.8191, 50.8819, 75.6239, 94.8623, 51.6792, 44.3054, 82.6618, 64.1418, 47.6295, 29.9246, 24.6179, 45.4173, 30.1664, 30.8476, 12.0049, 94.2628, 80.2015, 2.01103, 40.3034, 62.4942, 99.672, 11.2001, 0.551865, 62.7472
17.4046, 37.9331, 84.068, 90.3842, 14.5493, 99.9163, 28.1871, 45.1419, 8.24053, 14.5143, 97.1982, 38.11, 29.5966, 54.8802, 50.3594, 30.8779, 93.0224, 65.6131, 76.4055, 65.4244, 83.7525, 10.6259, 21.1988, 77.6226, 16.4456, 99.6149, 66.352, 41.7159, 53.1765, 95.2571, 54.9504, 76.2823, 44.3494, 64.2919, 98.2616, 52.7741, 51.9487, 76.6639, 92.7961, 21.0055, 54.6594, 58.5751, 55.056, 0.126937, 25.4476, 55.4963, 56.7687, 36.4951, 6.59719, 73.1521, 78.6201, 97.3322, 65.9858, 56.0856, 67.8728, 46.2321, 30.8112, 89.9987, 12.8013, 44.4881, 75.4298, 0.11232, 69.4554, 99.2779
79.2492, 87.8772, 18.465, 97.6129, 49.7033, 49.3993, 79.4645, 34.2314, 73.4133, 60.9364, 88.0524, 81.644, 32.1654, 90.3912, 71.2562, 40.6714, 36.3845, 1.6239, 34.6696, 94.364, 60.9323, 8.75872, 80.1906, 37.0852, 77.6274, 1.64984, 90.81, 43.5335, 65.4956, 11.933, 19.6984, 85.8604, 11.53, 47.8472, 41.6222, 44.5681, 20.607, 74.783, 45.5506, 61.4598, 71.0879, 44.8762, 17.2132, 81.8643, 16.978, 36.0046, 86.555, 89.0802, 19.6189, 43.7472, 67.473, 1.19653, 46.2577, 83.982, 41.3259, 91.8888, 59.4758, 85.2116, 79.8805, 58.7072, 95.1333, 39.554, 61.6367, 19.1898
95.8354, 89.2483, 24.0039, 46.0444, 94.7887, 15.9073, 73.1622, 24.3796, 9.8408, 34.3969, 0.142492, 4.93977, 85.0175, 53.2019, 29.6567, 44.9564, 16.082, 6.31822, 10.4502, 96.3779, 82.5175, 66.0748, 26.7843, 55.2906, 1.62827, 48.7826, 23.6857, 91.2141, 85.0542, 72.2738, 70.3083, 17.9062, 52.1408, 37.3841, 7.54922, 83.4089, 41.1083, 31.3354, 0.101359, 36.9791, 50.7796, 99.9785, 13.9498, 26.4831, 13.7636, 36.0851, 75.5368, 97.0442, 38.7044, 28.6828, 13.5096, 82.7472, 83.4853, 47.532, 53.3885, 70.8166, 11.1081, 7.81037, 20.2878, 57.0075, 29.1551, 63.6657, 77.1339, 29.931
