# rows of the given matrix
nrows: 64
# cols of the given matrix
ncols: 64
# data type of the given matrix
type: double
# element value
value:
70.1642, 51.4803, 37.9565, 84.48, 69.6465, 78.2407, 69.5229, 66.6218, 57.2943, 59.6663, 32.8361, 18.4538, 8.96058, 71.1197, 5.36901, 7.06803, 43.0246, 95.8704, 71.8527, 38.2581, 59.7679, 68.9079, 54.1857, 1.66148, 72.644, 3.38057, 68.5984, 82.2319, 0.085266, 29.2125, 88.8548, 75.4872, 21.1561, 35.9359, 86.9843, 25.1375, 95.5302, 58.763, 81.3494, 82.5227, 35.752, 68.3555, 39.6563, 5.13323, 31.7105, 22.699, 22.0817, 6.20828, 11.5155, 4.59586, 3.50394, 39.9103, 12.9292, 3.53525, 2.87141, 79.8696, 39.6698, 36.3806, 26.9706, 36.0488, 9.97645, 49.3496, 44.3154, 98.6679
24.7183, 39.5243, 97.576, 47.4267, 49.6858, 56.7843, 92.4693, 78.1238, 64.0745, 20.9349, 18.7931, 34.5563, 31.1991, 53.4947, 22.904, 45.8234, 35.1551, 73.7701, 29.5472, 23.4125, 59.1796, 31.6784, 59.1553, 92.2934, 19.9963, 0.144679, 11.0975, 46.6587, 82.641, 39.288, 20.4317, 79.0594, 87.0997, 98.7218, 45.4241, 17.3244, 50.083, 37.8655, 79.6222, 72.9552, 81.6243, 19.2328, 89.6328, 95.6102, 48.1612, 79.2503, 94.0565, 9.43686, 90.4913, 94.5342, 84.1934, 84.5975, 35.4514, 89.5664, 78.87, 17.1835, 32.4998, 20.8123, 27.5432, 76.9484, 0.169387, 39.0949, 37.9134, 1.50531
98.2783, 2.14624, 55.6167, 88.5898, 8.59523, 11.0378, 7.79528, 57.7229, 41.0904, 91.3832, 72.516, 6.90987, 28.6176, 20.2465, 91.3018, 23.2062, 4.34616, 3.79103, 96.0319, 63.7491, 1.88913, 94.6472, 50.0487, 64.7835, 99.0906, 91.5962, 42.1825, 21.5831, 0.469283, 62.3286, 64.9762, 99.043, 73.8619, 72.8511, 36.5361, 83.1727, 57.2835, 40.1093, 65.2138, 21.0261, 32.2613, 22.2939, 92.9326, 94.6027, 56.223, 46.9391, 84.9993, 39.6514, 80.7159, 22.0298, 84.9401, 91.447, 69.0985, 29.5969, 84.1249, 28.6532, 5.70626, 53.5417, 63.758, 79.6293, 13.2283, 83.7638, 41.84, 2.08316
54.2564, 62.8983, 72.7969, 20.3232, 95.4026, 54.2632, 25.7598, 96.5964, 23.3816, 94.3799, 40.1325, 19.0346, 36.9604, 67.8513, 87.0703, 59.7295, 88.2114, 49.1193, 26.1465, 40.165, 4.38947, 71.1764, 49.0308, 68.933, 77.1412, 70.8502, 2.65742, 9.95763, 81.1401, 52.0837, 3.27029, 34.6049, 94.5659, 3.33274, 96.6524, 97.0327, 55.3974, 28.4939, 46.095, 2.50085, 23.3825, 39.5114, 49.2289, 40.233, 46.0723, 22.6723, 32.2167, 53.1708, 98.3031, 42.1736, 16.6878, 40.4552, 85.2803, 67.4048, 46.3619, 14.7443, 50.3106, 83.9938, 90.9361, 77.6822, 7.2905, 19.0335, 45.3103, 18.3502
39.7911, 12.1674, 36.259, 80.9757, 72.5898, 94.7493, 50.2327, 61.3607, 95.8022, 79.0534, 28.1729, 68.3973, 34.8011, 11.7026, 71.3584, 86.8702, 15.3305, 94.7714, 10.2208, 58.5341, 89.9405, 18.2063, 46.8827, 62.5244, 88.3493, 99.0443, 36.8892, 52.0667, 72.2462, 81.0414, 87.2278, 43.6474, 84.6307, 28.0825, 24.1865, 40.0085, 78.4338, 70.2296, 59.8405, 67.3309, 53.0729, 45.0108, 88.0492, 30.0787, 90.995, 26.1814, 59.7827, 92.8632, 33.8358, 31.9096, 36.5938, 64.4553, 99.5757, 81.7885, 88.7409, 90.9558, 33.3196, 67.2884, 14.223, 31.9492, 72.4143, 50.8877, 55.8573, 54.7801
11.2818, 47.5588, 25.1967, 78.2944, 59.5733, 74.4441, 86.1244, 14.8848, 74.2771, 60.6884, 2.75638, 95.7343, 50.5382, 22.4507, 27.6011, 0.107895, 75.2222, 78.308, 12.1935, 13.0037, 67.7061, 26.119, 49.0799, 38.2908, 95.8324, 97.0669, 67.2786, 31.3928, 97.5047, 40.2247, 14.8225, 8.35954, 86.2904, 89.9538, 28.3897, 19.9538, 83.8633, 20.3646, 29.2965, 37.287, 37.7996, 4.4911, 69.7335, 13.5531, 98.8088, 23.3467, 48.409, 30.8889, 73.0533, 84.3853, 45.2315, 45.6924, 89.4834, 18.1216, 62.1862, 20.4705, 13.8875, 62.7087, 47.3023, 26.5335, 65.3493, 37.972, 35.3958, 92.3065
65.7089, 20.0289, 7.1486, 91.2536, 72.6348, 70.1948, 83.0409, 88.0858, 89.3458, 98.0001, 74.8953, 9.15416, 41.969, 72.8763, 81.6299, 77.3055, 34.3025, 60.057, 49.5496, 93.6988, 13.9326, 28.5342, 34.2231, 30.1543, 69.4768, 61.6591, 66.5858, 11.3605, 47.0466, 37.9727, 38.674, 93.8704, 16.3665, 53.7919, 43.9606, 58.8394, 55.4378, 82.3584, 75.997, 6.55542, 16.8821, 17.5694, 55.1574, 26.6266, 81.6887, 38.5289, 59.9037, 73.7179, 48.3282, 81.402, 54.9884, 11.4243, 13.8294, 34.6916, 58.5672, 89.8671, 54.0834, 44.7744, 26.0676, 33.0979, 78.6653, 63.2421, 98.2561, 67.1437
69.1768, 16.3585, 75.5073, 75.1085, 49.4968, 93.107, 17.0773, 54.3356, 67.1219, 99.0243, 50.0606, 26.8055, 49.1491, 74.7574, 83.7836, 79.9732, 7.55931, 38.0291, 61.8784, 33.1432, 86.7018, 68.379, 65.6703, 74.8985, 7.83291, 55.9617, 7.19976, 62.5823, 1.80999, 91.029, 23.2019, 42.7516, 32.9946, 59.8774, 60.2365, 29.0006, 81.6246, 5.31143, 41.4902, 42.9137, 68.108, 17.1593, 28.833, 78.5239, 66.8896, 8.72476, 31.4045, 52.2966, 58.7694, 87.5821, 30.534, 73.9767, 36.2269, 24.2414, 95.5933, 96.5891, 60.6374, 19.8617, 70.1316, 52.0849, 16.1866, 63.16, 8.64022, 16.4158
58.1836, 23.2954, 81.5612, 56.9777, 37.7834, 86.6487, 44.3262, 49.7671, 16.2243, 87.5869, 69.0831, 73.3687, 31.9562, 59.4057, 69.4997, 4.13321, 2.16592, 83.6147, 79.3635, 13.9331, 59.9998, 40.1754, 35.098, 42.4915, 23.4676, 90.2173, 31.0327, 74.5026, 16.2186, 85.7127, 26.8445, 11.9196, 70.1992, 97.2729, 96.5551, 39.2404, 16.5002, 32.6025, 26.5893, 92.5851, 74.8455, 22.8832, 89.0804, 92.2014, 4.551, 21.4483, 66.9967, 44.9661, 88.322, 4.53352, 77.9269, 63.6222, 23.8552, 7.38342, 44.1879, 31.7132, 63.5978, 39.2193, 44.3059, 69.3932, 92.8496, 20.5108, 44.5145, 45.3928
76.2464, 39.8531, 21.5753, 85.3957, 20.2719, 82.0232, 20.1465, 98.6311, 12.0323, 88.4605, 5.62127, 83.7271, 7.43396, 18.5603, 40.9535, 83.999, 80.6147, 31.7707, 30.7561, 87.1559, 99.6003, 93.1898, 30.3484, 28.8547, 40.6665, 11.7793, 76.2482, 66.8541, 77.8812, 43.3848, 79.2127, 96.0512, 32.1522, 1.09172, 18.5443, 79.09, 32.7773, 24.8097, 0.366569, 56.8406, 57.2875, 3.58264, 85.9709, 69.8516, 46.8466, 71.6332, 10.6033, 18.6099, 68.6003, 41.2037, 3.84131, 82.2448, 78.2125, 62.3568, 33.2869, 60.1364, 28.2861, 71.2365, 53.8161, 20.7344, 39.8824, 55.1607, 36.7636, 31.3764
81.3702, 55.2308, 31.6837, 42.3847, 35.8073, 3.36199, 48.6311, 17.0779, 56.765, 42.446, 55.159, 59.0395, 4.48789, 61.9173, 95.7529, 80.2204, 26.6349, 86.6561, 21.0536, 67.6781, 83.7479, 72.967, 40.4362, 47.0531, 8.70161, 47.9538, 99.598, 74.6954, 93.3388, 92.5096, 5.43042, 95.943, 52.1728, 89.8308, 38.0537, 93.7449, 95.9324, 94.7926, 4.43539, 26.0631, 72.5518, 82.7785, 19.5357, 53.3968, 96.3954, 4.35065, 71.9544, 42.4497, 31.8998, 59.5671, 45.5374, 69.2954, 63.5112, 8.17579, 9.3832, 2.71225, 0.639512, 81.8233, 64.6108, 72.4974, 81.8711, 5.78262, 64.9598, 38.9861
27.4036, 58.7828, 94.4758, 86.6365, 66.2139, 57.1859, 86.4291, 25.3966, 84.658, 19.6312, 85.6645, 40.3503, 3.26841, 21.7672, 31.073, 26.6795, 76.2706, 9.77746, 2.23972, 35.4035, 7.76765, 55.1277, 3.31547, 47.6421, 5.61231, 66.5014, 98.9477, 73.8357, 77.3359, 66.1759, 96.224, 26.302, 87.2497, 89.4042, 47.2324, 77.8086, 99.6014, 83.3526, 52.0679, 97.3183, 62.3642, 15.4643, 47.5157, 38.0127, 90.8107, 61.7931, 38.2373, 84.7279, 48.5822, 34.8118, 25.3859, 49.9867, 94.776, 50.6657, 17.1863, 64.1912, 86.422, 17.8228, 70.1466, 19.5955, 69.1558, 72.823, 11.6718, 20.1075
86.7691, 6.25995, 38.4821, 19.2239, 24.3554, 18.4877, 15.3901, 2.27155, 18.4907, 43.4047, 58.2632, 39.6989, 52.6981, 72.2286, 61.2099, 83.4121, 40.2301, 45.9794, 7.88908, 84.4367, 11.8406, 3.35685, 79.0315, 56.507, 66.3602, 54.2386, 90.6304, 80.7991, 79.0676, 63.0881, 58.7863, 19.6916, 50.7214, 15.9356, 8.15483, 79.9135, 7.87333, 98.6961, 27.2497, 47.7955, 84.4762, 98.7554, 81.9054, 56.6006, 1.83578, 7.1936, 48.2557, 67.8987, 57.7691, 1.84257, 43.7064, 76.4006, 17.7458, 52.688, 83.6217, 74.2279, 68.234, 62.1601, 75.4642, 83.3551, 13.1054, 54.5652, 8.13377, 81.0111
32.6154, 24.3376, 38.9618, 3.73771, 35.5006, 75.7732, 98.9339, 98.7688, 91.5348, 2.37016, 87.1844, 42.9587, 78.6337, 83.1177, 61.7875, 8.32864, 83.5615, 46.5473, 36.9552, 29.4262, 97.1928, 14.829, 67.762, 89.3381, 50.6938, 24.546, 56.7721, 24.5055, 88.8759, 71.2385, 93.2248, 85.1369, 72.2757, 19.1769, 32.6685, 6.8533, 68.5415, 79.5409, 59.5591, 10.2151, 73.2806, 68.0679, 41.2369, 87.2749, 71.4998, 0.520573, 58.7246, 17.5397, 54.9433, 3.56374, 8.95779, 54.308, 94.6717, 97.8513, 81.0188, 66.7094, 6.81584, 51.0859, 84.6835, 27.648, 95.1563, 9.39276, 10.107, 6.32737
93.4666, 38.3201, 31.4296, 66.1238, 48.6705, 47.3366, 89.4339, 27.0628, 11.9705, 54.4359, 94.0678, 63.1142, 38.1924, 96.395, 11.9297, 32.045, 36.2514, 69.8103, 64.0817, 38.0517, 58.6244, 52.5744, 19.3768, 95.8489, 9.59252, 66.2023, 16.8621, 52.2731, 30.4356, 20.1771, 26.7982, 92.2934, 41.115, 92.87, 67.2506, 77.0781, 16.9936, 11.0612, 0.600436, 69.4248, 13.219, 2.50512, 42.179, 73.656, 63.0878, 54.5532, 28.2053, 56.411, 87.109, 89.4516, 51.9104, 33.1112, 62.816, 28.8198, 80.5108, 91.4165, 56.5689, 43.6806, 31.1049, 92.9174, 85.9563, 36.3945, 73.7458, 60.0769
89.791, 83.1444, 14.0251, 21.2862, 38.7045, 86.2192, 24.3414, 4.20827, 7.50579, 33.6859, 95.3574, 50.8802, 92.6116, 72.1449, 77.1947, 25.0547, 92.6318, 16.4061, 84.8536, 69.9785, 5.14424, 86.2361, 13.921, 55.9313, 86.0357, 93.5157, 10.6924, 62.597, 4.19124, 24.1599, 96.6327, 96.1401, 58.0837, 24.8499, 22.995, 56.1818, 96.4286, 29.6868, 24.8354, 16.7038, 13.8446, 17.7323, 89.4789, 43.4224, 5.13063, 20.7538, 8.47406, 43.1731, 82.737, 25.4031, 11.7277, 37.9087, 15.3045, 73.2474, 38.0564, 66.2979, 94.9128, 31.7797, 99.8969, 33.2639, 49.6299, 11.8836, 61.1314, 20.788
8.17627, 15.0908, 16.8122, 23.5735, 96.6296, 71.5431, 47.2092, 88.259, 35.6944, 87.7728, 6.93701, 12.0986, 17.0445, 15.3087, 24.5289, 33.9423, 96.388, 3.80151, 90.5436, 24.5496, 87.8398, 11.5867, 10.8433, 70.6774, 84.4915, 40.642, 15.4171, 76.5051, 80.4004, 86.4279, 1.84831, 87.2581, 77.6629, 37.6226, 64.5492, 72.0996, 40.7836, 79.7408, 47.5308, 70.1558, 51.5635, 4.31595, 17.0741, 59.2871, 37.9017, 71.4182, 30.3794, 48.025, 91.4111, 7.69916, 79.8873, 61.3836, 43.7035, 7.21557, 63.7714, 56.2211, 73.9163, 98.9051, 94.4313, 65.3296, 8.05078, 94.71, 27.9936, 30.6565
28.0373, 63.7119, 60.5365, 58.9208, 66.4952, 10.843, 9.63435, 3.74052, 67.6729, 81.18, 18.7496, 61.9986, 44.3599, 20.3968, 72.5982, 32.5333, 43.886, 24.92, 20.0083, 65.0181, 91.7455, 11.8233, 39.0813, 16.2391, 50.9169, 53.5873, 87.6746, 13.3334, 70.8065, 83.5745, 95.8241, 73.7855, 91.6407, 83.5975, 80.0252, 8.42793, 19.1438, 5.75721, 51.9274, 16.5866, 48.0289, 29.1961, 73.9094, 71.4084, 19.5294, 22.7077, 65.3935, 47.1566, 24.6806, 5.39322, 79.3364, 93.9185, 30.2282, 55.5362, 18.1249, 39.2602, 13.9774, 0.846232, 53.3191, 73.605, 57.1317, 9.51271, 70.9352, 12.689
13.7268, 3.80988, 66.5366, 6.88198, 24.1233, 68.1845, 46.3562, 67.9469, 69.3158, 41.8395, 25.1019, 75.0029, 39.2741, 48.5329, 24.0275, 25.383, 50.4984, 84.9257, 37.421, 38.9559, 25.0945, 89.7101, 93.5295, 43.6216, 53.0389, 62.0304, 70.6062, 92.4057, 66.6709, 61.405, 8.77778, 9.10435, 76.7044, 28.1261, 60.9791, 95.5738, 19.8185, 19.2183, 0.632631, 75.0716, 90.784, 14.446, 57.4919, 82.9791, 69.7345, 46.3605, 2.4334, 63.498, 94.1845, 54.1315, 97.8388, 89.7043, 89.0219, 24.1396, 17.0941, 77.1335, 94.2031, 9.18382, 14.5775, 75.9144, 87.0957, 83.3386, 28.7282, 77.546
52.2619, 9.51364, 37.7403, 25.253, 81.5323, 77.3657, 94.2994, 39.47, 29.9705, 82.428, 98.8589, 8.9153, 46.6903, 39.8203, 39.9137, 72.6236, 14.9996, 21.3541, 57.9907, 61.1574, 84.3949, 22.6661, 59.1055, 24.4115, 24.5193, 75.708, 84.5865, 51.2796, 98.5793, 30.6594, 49.4738, 5.29985, 16.5494, 23.9515, 52.7123, 72.0017, 96.9696, 19.0337, 18.7568, 24.866, 18.1819, 50.3419, 98.8073, 6.64395, 6.42957, 73.9175, 37.2959, 96.135, 96.2789, 5.09799, 86.284, 78.6426, 8.30774, 91.0184, 78.0268, 5.58221, 32.8245, 6.72263, 93.9037, 79.7444, 33.191, 83.5457, 3.01255, 75.5542
68.2152, 71.6444, 50.833, 75.6733, 30.4575, 48.9214, 84.8824, 45.7886, 98.4788, 81.3058, 68.6445, 43.941, 82.6182, 31.7407, 29.9455, 31.9877, 60.7371, 7.29045, 31.6701, 12.8071, 42.6261, 16.7075, 62.4049, 38.3858, 71.562, 8.472, 41.8544, 13.9013, 14.2256, 74.6348, 63.4308, 92.0138, 43.8408, 7.20631, 63.8454, 39.4313, 94.2255, 65.9053, 42.9202, 13.2549, 6.57951, 60.3798, 58.7856, 19.013, 24.0224, 63.6697, 0.185753, 19.3541, 13.5167, 73.8835, 83.1096, 22.1944, 94.4616, 89.5436, 81.9724, 67.4687, 46.7316, 52.3661, 70.1984, 16.0351, 27.5502, 65.9411, 61.5627, 44.2056
95.1905, 91.5492, 11.5867, 26.1905, 81.563, 92.5082, 82.5906, 29.2927, 83.8289, 24.2881, 38.3114, 66.5333, 92.4924, 3.53544, 95.1823, 77.8669, 67.5772, 53.3903, 89.0237, 22.3622, 56.0061, 90.9945, 21.9944, 28.7639, 41.8739, 33.1249, 30.5779, 3.68168, 24.2461, 67.8322, 82.2259, 41.5234, 85.8301, 2.07526, 38.5305, 51.5895, 60.8893, 64.8868, 30.8592, 74.6608, 1.37036, 74.4173, 88.1748, 83.9004, 99.9109, 16.1492, 38.0679, 21.7507, 50.6993, 87.0544, 59.798, 47.6281, 88.6828, 81.5477, 24.0414, 69.7305, 45.7367, 19.0812, 20.9115, 16.4401, 83.067, 2.40822, 80.0887, 54.4792
23.3602, 18.1386, 23.8684, 44.121, 51.6868, 81.7604, 43.7594, 15.9067, 39.4353, 29.1351, 3.45621, 19.9992, 69.493, 54.9648, 27.6142, 41.1533, 63.1222, 38.4629, 95.8116, 62.2202, 56.1148, 42.9001, 51.9367, 35.1411, 18.4827, 76.1598, 10.6639, 79.5207, 88.6788, 35.9194, 49.2436, 89.2695, 36.2476, 20.2348, 65.0557, 43.0348, 78.2652, 66.3086, 92.0482, 67.3285, 32.884, 59.9031, 28.2115, 81.8649, 91.247, 19.3073, 85.3658, 64.1612, 16.1866, 82.2224, 46.9851, 81.4003, 3.36066, 37.429, 75.4294, 86.1169, 21.9246, 49.1024, 0.243463, 1.29505, 78.7075, 95.6309, 64.2697, 95.8997
86.1943, 52.1382, 25.9319, 99.1397, 57.7505, 24.9757, 2.18516, 78.8455, 9.29053, 30.8913, 63.1872, 8.55455, 57.5462, 7.94969, 32.0407, 51.6283, 34.4278, 73.9645, 42.4815, 27.4654, 96.7137, 52.9636, 22.0123, 92.1535, 20.3203, 52.9945, 23.4962, 41.7179, 23.7495, 98.472, 74.7451, 21.4332, 29.96, 61.8249, 2.24615, 69.1106, 72.0744, 62.3927, 23.4309, 75.4082, 12.4335, 39.7757, 9.08133, 55.5374, 71.7433, 19.7287, 65.6226, 13.6506, 58.4853, 12.405, 59.928, 59.6716, 80.277, 59.4634, 51.0895, 34.8113, 59.0577, 52.1102, 32.163, 82.5332, 26.8283, 85.8426, 87.3689, 2.85492
48.399, 45.2561, 64.3597, 35.2207, 13.2136, 27.3028, 33.8421, 9.1114, 59.3757, 8.64579, 54.1499, 66.0738, 51.1151, 8.87883, 17.3024, 97.8255, 22.6425, 42.1827, 57.3485, 6.30475, 22.3197, 66.8721, 97.8626, 45.3762, 67.6829, 8.71436, 73.3033, 50.9651, 76.7579, 0.670864, 90.6456, 22.7935, 50.4004, 93.4374, 89.9564, 61.2763, 13.8254, 32.0249, 73.2012, 73.9067, 70.4461, 73.2684, 25.5757, 79.944, 10.2776, 77.2589, 96.3404, 27.9311, 7.84491, 32.0242, 79.1943, 46.2384, 79.4677, 9.26395, 40.3483, 52.2374, 97.5951, 96.1103, 28.6852, 26.5417, 33.328, 75.622, 47.676, 74.9574
81.3183, 74.1348, 43.6891, 17.5751, 71.768, 90.1165, 89.6831, 80.5724, 98.3687, 98.517, 28.8988, 19.7497, 52.2701, 37.1025, 45.9733, 15.1784, 59.5387, 95.4671, 84.1385, 37.3762, 55.7908, 42.0582, 76.2862, 91.819, 2.81746, 31.8088, 53.016, 47.1732, 0.201506, 74.265, 19.9007, 87.2947, 11.4182, 51.7068, 40.0841, 78.399, 87.1577, 55.6656, 30.8925, 46.6992, 79.5784, 88.5697, 99.461, 87.6072, 92.4295, 43.1451, 82.3427, 15.812, 99.6232, 54.7714, 73.167, 81.6026, 16.2565, 35.9019, 39.554, 25.5634, 55.0494, 83.5307, 95.2161, 64.744, 21.2099, 39.3299, 43.4845, 93.5275
62.1339, 44.1745, 33.1961, 47.3564, 97.8412, 78.0902, 42.5542, 32.5403, 17.1236, 8.30213, 17.6114, 61.9457, 13.5833, 80.6139, 38.7044, 62.2005, 11.1484, 99.6848, 41.6669, 31.1168, 2.72192, 35.5356, 1.14839, 17.3612, 29.038, 19.6899, 99.9369, 67.8613, 4.06225, 8.57562, 19.2952, 3.51997, 87.1229, 30.4639, 90.4015, 75.0099, 31.1738, 52.9721, 98.1052, 81.7907, 14.441, 88.682, 90.422, 0.796123, 65.0818, 11.6126, 37.1843, 89.0955, 47.1183, 73.7641, 62.0062, 16.2381, 49.8878, 60.5087, 13.1907, 81.5126, 36.4315, 34.121, 57.4203, 64.8213, 14.8874, 0.543357, 77.0302, 93.5941
66.8566, 98.0535, 84.9924, 89.5896, 92.0593, 2.07711, 9.87496, 87.8843, 39.8681, 78.3783, 79.2087, 89.2035, 57.7523, 68.7388, 99.2042, 53.6358, 91.889, 90.2136, 98.1075, 17.6519, 18.7143, 68.7911, 58.3668, 50.3972, 96.258, 85.452, 69.3688, 0.112928, 74.3405, 72.927, 15.264, 34.1158, 30.0887, 15.1269, 71.9945, 0.525148, 69.6219, 89.8884, 58.9892, 17.1752, 13.978, 51.8626, 35.7403, 3.13337, 26.4314, 86.0361, 83.0774, 53.2137, 84.0634, 29.9207, 14.6844, 58.383, 86.3836, 45.0649, 23.3887, 88.8901, 73.994, 77.6777, 3.03192, 51.4774, 95.1459, 50.7464, 80.2804, 25.6929
3.3929, 86.2012, 35.3625, 18.5992, 45.2009, 21.0792, 70.352, 57.7276, 41.4597, 76.9751, 48.4902, 61.6945, 17.0698, 68.3683, 58.138, 44.1885, 47.441, 71.7821, 87.1228, 44.9267, 33.9002, 79.2793, 43.2738, 69.0036, 14.4657, 46.0504, 59.3766, 66.3798, 76.9408, 96.5254, 17.1376, 37.9909, 21.5625, 0.162952, 21.5016, 21.929, 84.1856, 82.7606, 92.5779, 72.4003, 70.9379, 2.93181, 20.0993, 76.9709, 49.7883, 52.1711, 93.8124, 93.45, 26.0909, 87.9059, 35.9991, 70.9291, 4.23384, 97.8137, 89.9621, 34.3359, 44.9116, 68.7929, 44.8084, 99.8332, 26.3603, 3.64353, 25.2022, 96.6617
72.2805, 86.8341, 81.4051, 70.5165, 13.6812, 36.3452, 45.7912, 41.9112, 81.9685, 60.7329, 83.4119, 46.1865, 3.12937, 65.7732, 40.5793, 39.6969, 75.9156, 42.948, 17.7841, 88.2355, 23.1987, 33.5192, 83.5894, 46.825, 54.7573, 19.6152, 24.2691, 13.7157, 25.3471, 57.6227, 37.4974, 1.88767, 22.0123, 78.4008, 38.9932, 96.7902, 66.736, 37.3128, 46.6399, 25.5446, 66.6318, 27.7728, 76.0293, 43.8587, 90.7058, 19.7775, 43.9183, 89.7388, 94.4632, 87.2083, 59.4119, 69.1169, 44.7174, 60.1662, 7.64158, 97.9933, 33.0091, 58.2631, 51.6898, 36.4223, 29.8794, 21.1058, 21.6051, 61.584
37.4156, 32.9305, 4.87867, 58.1197, 76.8, 29.8208, 2.27327, 72.5083, 40.942, 98.972, 56.1241, 93.4467, 9.48251, 41.778, 79.9878, 54.9077, 17.2361, 68.9305, 7.88171, 1.99898, 15.5576, 53.2767, 31.813, 61.4573, 71.5703, 38.6288, 83.0369, 58.0622, 12.435, 53.1377, 90.7183, 46.0114, 16.4186, 14.4966, 96.0446, 29.0295, 26.0444, 14.4713, 4.82946, 29.8235, 44.4736, 31.8533, 63.6744, 16.2479, 34.2925, 58.1503, 89.5733, 88.6395, 34.0288, 95.8998, 25.4715, 9.94609, 46.3869, 76.8456, 58.4613, 89.7729, 19.2018, 16.0787, 39.3008, 84.0239, 78.2839, 16.6406, 20.5122, 6.8874
0.350416, 52.2101, 37.5573, 22.7595, 99.7368, 73.2347, 29.1631, 61.1246, 18.3343, 45.1672, 38.6303, 41.817, 44.6087, 17.9148, 18.1528, 99.3143, 18.7825, 97.9522, 43.8997, 20.4437, 8.18869, 68.1379, 59.9906, 46.8993, 85.7802, 69.3518, 43.0156, 83.3047, 35.9654, 92.9887, 64.8685, 4.27047, 87.6501, 26.8043, 88.8452, 65.1103, 7.66485, 62.2047, 46.0697, 58.9401, 56.611, 10.68, 18.6693, 87.5821, 98.5157, 70.7452, 91.6394, 72.8531, 4.63674, 27.4031, 50.9397, 95.2694, 29.8725, 58.1127, 54.7575, 3.2864, 97.8906, 54.6124, 11.5897, 69.0676, 57.7352, 91.7142, 74.3002, 36.861
36.4085, 33.0956, 61.4726, 5.62688, 70.599, 87.9066, 88.4224, 79.117, 13.2251, 69.9827, 22.3091, 5.30289, 92.6136, 9.45174, 79.7102, 62.48, 86.0451, 76.7385, 55.6292, 54.7679, 44.8106, 55.1672, 62.3987, 43.9164, 51.5956, 63.1525, 1.57967, 66.7917, 51.3427, 1.50554, 14.6392, 15.2569, 43.4873, 38.6662, 82.3687, 93.7027, 56.685, 98.5713, 10.5389, 80.1336, 52.8364, 28.2464, 77.6141, 58.8751, 3.1116, 50.9043, 81.0513, 63.7206, 4.25713, 16.0911, 22.6995, 60.8984, 37.2198, 60.3694, 55.3685, 69.2271, 34.0975, 65.3341, 13.8473, 9.25475, 47.0317, 99.9119, 59.316, 98.2787
59.0212, 53.9642, 65.4637, 56.157, 82.5709, 75.7482, 78.2387, 63.3072, 39.7774, 22.4165, 60.4733, 6.00696, 27.9985, 50.3775, 60.6076, 90.9158, 13.7434, 60.6773, 83.6604, 32.2444, 12.1166, 75.8183, 84.6769, 90.0156, 43.5955, 80.7079, 88.2439, 71.6771, 39.1056, 65.4457, 73.605, 90.3931, 27.554, 59.4578, 57.558, 97.5275, 31.3479, 60.1459, 51.1421, 54.2628, 99.1186, 94.953, 89.3294, 86.4788, 14.8, 35.6946, 26.8269, 62.5044, 75.7224, 41.9332, 40.0141, 55.9193, 37.5342, 49.8366, 97.4253, 98.062, 75.1731, 64.6408, 59.3509, 55.1863, 74.1154, 96.1015, 20.843, 80.1841
73.7643, 42.8626, 81.0025, 34.9939, 52.7384, 12.2843, 73.4949, 11.8325, 88.2558, 20.3565, 4.97292, 59.8741, 21.6821, 8.63828, 16.9946, 73.5715, 94.2053, 37.6905, 24.3984, 25.0566, 0.989415, 67.2234, 33.9616, 41.4661, 84.1959, 80.1715, 47.9087, 95.9997, 13.9901, 4.68002, 73.9399, 34.0131, 40.529, 52.4565, 84.775, 39.898, 27.7844, 57.4037, 35.81, 27.734, 27.1374, 6.01477, 86.1251, 92.6278, 47.2439, 92.1117, 11.663, 95.0098, 72.2709, 69.9085, 58.2786, 9.75335, 13.481, 13.23, 61.8724, 33.4151, 57.9824, 58.3683, 47.3049, 25.4966, 38.537, 52.7115, 45.5005, 50.2593
76.582, 45.8919, 62.4527, 93.3073, 41.4978, 41.0314, 58.195, 63.9515, 58.6963, 89.9743, 99.6278, 95.6155, 4.69847, 43.5392, 3.61884, 59.4176, 37.681, 49.6115, 67.9925, 30.2544, 52.3442, 97.3426, 81.8172, 83.5155, 4.90225, 25.0605, 37.7153, 39.6744, 13.2508, 43.5694, 6.61338, 80.4819, 41.5094, 59.837, 57.5856, 24.6793, 65.7716, 45.6976, 3.57807, 54.7486, 78.7553, 18.1927, 28.4948, 32.3897, 20.1024, 61.9309, 90.0813, 75.0179, 44.3757, 97.4175, 64.144, 88.7701, 17.7439, 60.3999, 6.65356, 58.5998, 51.3841, 67.8717, 90.1976, 93.8477, 98.7678, 4.15922, 16.1965, 97.3545
83.564, 59.5992, 91.237, 57.1431, 75.1904, 9.35969, 93.1542, 22.9017, 46.6144, 83.1031, 16.6813, 0.551734, 71.4663, 53.3938, 88.8163, 0.579526, 95.2608, 71.1852, 52.526, 8.39417, 13.5479, 85.5101, 82.0604, 11.0163, 42.9572, 30.2919, 73.4994, 71.8153, 49.1507, 84.7798, 37.6583, 67.03, 46.9562, 40.8373, 87.1236, 7.09477, 89.9725, 34.467, 69.9991, 48.8582, 51.8573, 83.7264, 21.5855, 66.7367, 18.0858, 75.6255, 24.5592, 44.7586, 62.9545, 14.5288, 92.4512, 91.8666, 70.4342, 10.1374, 85.504, 94.8278, 48.3447, 73.2948, 78.8016, 54.9765, 0.179122, 24.3723, 99.0755, 92.5054
52.977, 44.6885, 8.97175, 66.0157, 72.9706, 11.4321, 72.5613, 50.6241, 28.1531, 24.9164, 64.9207, 20.8761, 91.0097, 46.5134, 57.8417, 97.6522, 69.9318, 3.96316, 85.739, 42.0377, 61.3463, 24.1184, 84.4031, 28.8881, 6.50339, 99.4802, 74.3282, 85.411, 99.7659, 73.3571, 32.501, 15.5779, 34.7015, 20.075, 65.4294, 6.41983, 27.966, 98.1098, 40.7302, 70.3462, 19.8961, 84.9708, 94.1204, 89.4001, 57.6487, 71.7294, 18.775, 85.8309, 7.15385, 84.2105, 20.6943, 98.5595, 70.5101, 75.6157, 60.395, 64.5897, 4.37465, 68.3067, 55.1969, 42.2974, 22.2662, 15.5089, 25.518, 80.1683
67.102, 80.5816, 86.7163, 77.7508, 28.6973, 51.1951, 0.923671, 25.141, 50.8906, 13.0858, 38.3798, 49.5173, 20.0206, 60.5701, 28.8891, 90.2117, 88.0782, 53.3814, 52.4003, 19.2362, 89.8784, 16.0587, 64.6787, 99.3228, 36.1037, 24.8041, 28.2094, 68.5094, 42.1145, 96.134, 2.77822, 48.0362, 4.29048, 47.4673, 63.6657, 0.755493, 32.3363, 68.013, 56.2364, 8.92597, 58.1138, 99.4432, 85.5395, 7.83451, 73.1197, 11.6211, 64.3022, 29.3787, 18.8672, 62.9737, 95.6453, 15.9131, 74.289, 3.21058, 99.5351, 70.3856, 49.7833, 91.2178, 18.281, 19.6629, 82.5548, 64.5877, 61.4137, 33.8525
12.4953, 22.2773, 86.7616, 91.3084, 87.595, 27.9888, 36.3663, 94.0841, 37.66, 63.5325, 30.7924, 2.29898, 15.341, 5.02293, 10.0501, 72.6526, 63.2586, 19.1036, 6.38256, 55.5141, 86.9255, 20.1847, 14.7482, 94.5816, 85.8787, 77.4619, 53.6708, 25.9622, 93.553, 24.3663, 52.3762, 53.4231, 81.9185, 94.0566, 43.1706, 19.7544, 35.4754, 32.5859, 2.27325, 54.9536, 81.3447, 20.5707, 57.8044, 77.4832, 2.69692, 55.3272, 32.0444, 52.5764, 87.45, 11.4813, 0.191546, 77.3887, 76.9301, 93.6666, 8.21874, 55.4718, 2.20223, 26.2953, 81.4821, 7.56873, 30.9065, 67.015, 11.7238, 64.4802
31.044, 8.22003, 63.2489, 41.3706, 48.7795, 74.6738, 78.2645, 74.785, 26.0253, 19.823, 77.0587, 76.6724, 74.712, 39.5356, 54.0619, 36.7992, 98.0375, 28.5662, 46.4294, 97.6871, 57.1992, 88.2634, 97.1304, 71.5724, 93.8482, 68.0158, 50.6634, 71.5781, 9.35683, 81.3301, 35.0707, 36.1343, 57.2769, 69.4123, 26.0311, 88.2384, 0.89247, 38.267, 88.0493, 84.3376, 14.1187, 60.7881, 75.1344, 34.2817, 76.2809, 22.4384, 9.52567, 37.9592, 5.08623, 58.6543, 35.9604, 92.7865, 73.484, 90.9465, 0.00363626, 21.4934, 1.24556, 49.3396, 72.7271, 28.7308, 8.69905, 90.2497, 7.73041, 54.3923
69.5971, 37.0049, 86.5807, 11.9582, 10.5624, 84.7253, 35.4244, 40.5158, 91.4834, 41.8774, 6.68875, 14.9557, 60.8371, 80.3481, 12.9828, 24.5004, 56.2325, 26.0805, 78.076, 42.7861, 94.3129, 40.056, 0.338439, 4.78234, 76.3121, 25.3667, 70.7549, 31.7268, 8.24371, 4.42205, 86.0337, 44.6561, 25.7166, 94.1676, 16.7066, 25.1393, 56.3844, 26.0402, 33.4588, 41.9173, 21.5879, 72.126, 13.0017, 88.5749, 7.23307, 16.752, 92.6912, 50.7976, 69.479, 6.46043, 13.1744, 87.3907, 31.0454, 55.0028, 75.0906, 87.1398, 27.7822, 12.4397, 69.223, 0.935257, 71.7517, 74.4012, 56.5226, 83.0257
72.8233, 70.9287, 21.2592, 17.051, 98.4982, 95.0486, 34.276, 31.1306, 30.2877, 63.094, 40.8623, 1.48806, 82.5847, 86.9764, 41.1638, 53.2553, 57.228, 79.2611, 1.74101, 69.7917, 92.3699, 6.78571, 51.3828, 54.4932, 20.4242, 90.2265, 13.2336, 63.0605, 5.08619, 46.3754, 73.0864, 68.1704, 80.1715, 99.627, 83.7633, 98.29, 91.6197, 63.9276, 53.0064, 74.093, 59.8368, 65.8921, 10.6541, 82.1557, 49.3748, 96.5021, 76.5625, 38.3414, 83.547, 37.8397, 93.4942, 91.8698, 27.2661, 78.4198, 17.4011, 92.074, 83.3442, 21.0124, 82.4395, 70.9514, 0.365165, 72.318, 99.196, 65.931
12.4152, 29.8977, 53.6698, 37.4513, 34.8612, 1.56162, 77.4108, 88.4212, 19.3904, 33.2606, 76.3342, 29.7206, 61.8662, 71.5405, 69.2512, 19.1519, 70.9353, 97.1532, 20.8555, 2.60597, 58.7878, 46.8068, 29.0138, 0.0528328, 9.00832, 85.168, 68.2678, 97.5665, 55.5674, 23.8471, 19.2864, 66.343, 2.78525, 31.4028, 69.2736, 49.0253, 92.2101, 53.6192, 66.8816, 7.83767, 3.17188, 14.7645, 46.9612, 14.754, 88.7841, 21.4645, 19.3424, 9.95105, 6.65864, 13.8592, 76.0783, 48.9743, 55.2328, 81.705, 53.9808, 0.171584, 37.0896, 78.3363, 91.3177, 81.7825, 19.2432, 49.7997, 14.6987, 97.5478
76.0447, 77.9461, 78.6194, 91.894, 98.567, 95.0829, 51.5499, 11.1279, 70.9329, 61.8681, 32.018, 86.9736, 36.3082, 34.2895, 17.4722, 52.0309, 22.5912, 86.3035, 17.7946, 79.6597, 70.0863, 1.59915, 47.3359, 51.0388, 50.6875, 54.044, 32.6992, 15.9584, 23.9094, 41.2141, 76.2797, 45.9916, 16.9165, 1.13292, 89.9169, 38.9517, 30.9319, 71.3667, 5.44448, 44.0891, 63.9084, 48.1916, 55.2376, 20.4893, 58.3641, 77.5527, 0.392434, 35.8204, 64.48, 88.0228, 16.4729, 23.216, 33.5365, 41.7121, 37.1565, 87.2214, 8.09028, 87.8432, 84.3085, 51.116, 86.9409, 68.6434, 26.3586, 18.1975
50.4676, 31.2097, 23.5095, 26.0537, 10.8796, 98.3068, 48.4987, 93.9345, 29.2898, 53.5368, 82.9698, 90.8877, 12.4382, 11.5602, 20.5089, 36.9227, 17.5297, 44.6585, 82.2084, 86.1722, 75.0753, 16.42, 66.9327, 80.9896, 42.9992, 89.2572, 3.55247, 0.00247451, 20.8132, 26.5249, 74.2145, 69.2767, 18.9274, 1.8746, 89.8829, 21.1664, 64.7879, 71.75, 80.433, 79.0742, 69.8368, 12.0074, 53.9303, 97.5517, 26.0933, 89.8782, 20.106, 50.1676, 50.7151, 50.0144, 60.8773, 64.8472, 27.1474, 57.1398, 60.5642, 29.0245, 55.0429, 24.3782, 17.1611, 21.3302, 85.5703, 2.5275, 36.9526, 83.9904
38.093, 7.04681, 94.5086, 44.6648, 5.47677, 74.8817, 22.8357, 57.1925, 98.5731, 1.62519, 44.1967, 33.1615, 2.42865, 62.6016, 33.6499, 27.6524, 22.6246, 37.2235, 19.0511, 38.7169, 10.9485, 88.0351, 87.8482, 54.2887, 44.2207, 0.503008, 8.91481, 93.0524, 99.9896, 42.5895, 60.1603, 96.3666, 82.2932, 29.2149, 82.8189, 62.796, 89.6356, 68.473, 66.5961, 64.4478, 29.5212, 28.9509, 46.5719, 23.6635, 74.9655, 20.4465, 61.1536, 27.0767, 43.0205, 17.121, 3.71445, 89.5165, 51.0865, 40.6847, 0.444349, 97.6741, 69.0143, 48.2264, 26.637, 79.1176, 10.9654, 74.3396, 63.7732, 37.7047
93.5113, 64.882, 31.0644, 33.7473, 13.0763, 98.8403, 47.9236, 0.966872, 62.3878, 93.8445, 52.3333, 2.38506, 31.1749, 37.0851, 16.3193, 53.5051, 94.8934, 32.7414, 4.52046, 76.9277, 6.84181, 17.6384, 52.581, 85.3873, 92.7608, 7.37246, 64.4612, 83.9407, 71.6367, 2.89582, 81.1645, 31.0893, 56.1496, 94.9978, 27.7755, 98.1463, 82.2931, 31.6817, 93.0757, 44.5346, 90.3762, 2.18504, 12.2231, 58.1226, 35.7252, 55.4358, 23.5549, 8.39351, 17.1174, 35.4485, 79.8517, 94.8814, 48.7815, 33.1875, 12.4259, 49.16, 47.4983, 56.8052, 36.1845, 92.6006, 18.8562, 43.56, 6.07293, 14.8279
67.4869, 44.3505, 76.2372, 94.0136, 43.658, 53.1134, 93.6441, 92.8251, 49.0166, 77.3486, 63.2939, 47.4604, 95.0148, 7.31629, 98.5713, 68.7417, 32.4624, 74.5192, 18.7594, 78.9554, 77.2476, 81.0564, 3.88127, 5.58824, 10.7875, 37.0485, 1.58861, 86.8439, 32.8847, 6.23569, 74.9704, 35.2093, 26.4982, 81.0936, 41.8576, 19.9402, 34.5853, 77.0513, 57.6196, 58.7884, 12.7934, 70.3761, 85.0509, 59.7056, 95.1403, 20.4237, 11.8838, 37.713, 56.4881, 70.561, 20.3169, 68.6323, 33.8766, 46.3706, 54.9063, 63.2048, 71.8015, 74.8899, 66.5938, 18.5269, 63.2185, 36.3165, 61.5312, 49.5616
65.3582, 11.1141, 23.1949, 24.0343, 40.8837, 49.5558, 32.2026, 87.3702, 99.1459, 76.5048, 58.5422, 58.3835, 93.7916, 24.2295, 47.152, 58.4148, 64.6553, 22.4014, 23.0219, 67.9763, 18.5008, 78.8535, 9.6938, 36.0501, 55.6716, 27.9759, 24.7783, 4.61121, 43.1379, 33.9658, 34.0241, 7.54414, 35.3157, 49.4532, 64.5601, 76.1852, 85.2731, 24.8116, 42.8794, 5.78315, 76.2391, 23.7233, 63.5268, 12.8114, 69.2352, 50.5867, 78.2287, 85.0185, 63.5796, 96.7564, 99.0757, 4.61746, 38.7379, 55.7391, 93.2933, 74.5356, 63.283, 47.4947, 76.3828, 17.1272, 23.5411, 41.8536, 19.7305, 86.2466
75.7637, 14.9425, 99.7544, 19.6339, 30.7106, 50.1777, 38.3159, 81.7048, 77.4903, 23.1788, 66.4404, 46.7852, 24.0653, 15.314, 17.8174, 16.9043, 41.0557, 93.9215, 85.0843, 72.3766, 26.7072, 71.555, 8.89463, 3.29215, 33.626, 76.1845, 40.0657, 26.027, 12.112, 87.3274, 91.0994, 18.338, 82.0614, 27.6001, 88.5712, 82.1816, 93.6918, 4.20622, 61.6835, 9.98306, 58.1267, 24.9977, 14.9248, 80.3477, 32.4899, 82.5194, 23.4881, 33.0656, 20.6741, 55.1921, 1.08152, 12.3926, 31.4378, 32.3848, 50.769, 30.1994, 72.8918, 87.4231, 76.0566, 15.2513, 93.179, 34.4241, 13.3192, 56.034
25.3144, 1.45179, 41.4149, 15.3078, 72.9474, 10.2234, 46.8675, 5.4453, 96.6741, 75.45, 92.8475, 58.482, 6.88077, 64.6384, 54.9045, 44.1506, 49.686, 28.8987, 50.2391, 32.6783, 74.2184, 7.90795, 12.7905, 86.0778, 22.5441, 48.9598, 3.4747, 48.925, 96.4813, 41.155, 32.0136, 65.889, 65.6296, 5.7474, 92.7401, 80.5341, 42.0879, 50.2606, 21.6808, 13.1819, 1.49074, 95.792, 59.7327, 76.9422, 94.521, 26.0298, 65.2403, 3.60495, 93.3584, 48.9499, 18.3737, 54.487, 67.462, 40.2491, 18.8346, 47.4419, 67.7549, 67.263, 53.5716, 48.0421, 95.1738, 97.412, 11.6542, 31.1926
53.8995, 79.1732, 17.3216, 25.6497, 3.41575, 19.7512, 47.1679, 23.2281, 89.8707, 25.2728, 82.329, 14.9564, 90.1318, 9.97797, 92.3484, 55.3996, 76.2492, 76.8857, 76.1035, 80.9424, 71.9859, 41.2392, 6.27914, 75.8607, 6.8096, 49.7559, 24.2999, 30.249, 58.4837, 41.595, 18.2084, 50.7114, 70.1579, 24.2545, 49.5541, 31.3844, 49.4891, 23.7577, 74.7889, 88.5078, 42.5819, 61.1824, 46.3107, 90.8963, 75.9993, 43.5505, 14.2673, 23.2663, 11.1824, 68.0149, 61.9616, 41.6813, 68.1988, 49.5327, 91.6352, 61.9185, 27.6939, 79.4247, 93.3725, 45.6911, 55.3639, 66.4471, 62.395, 23.2237
87.5731, 15.4028, 70.3055, 2.97011, 96.772, 60.1074, 67.1175, 37.0682, 90.3187, 27.1175, 55.6568, 20.0716, 63.3555, 3.52818, 96.8858, 70.7487, 98.8589, 33.2673, 32.3331, 82.897, 45.1956, 6.51833, 32.6313, 62.7088, 69.2207, 94.3736, 68.0945, 39.2962, 24.813, 89.2394, 64.2746, 80.2886, 91.35, 43.9159, 86.0709, 35.3697, 18.2898, 86.2113, 83.6536, 26.0267, 24.0312, 71.0143, 43.1584, 95.5452, 98.2456, 33.4827, 50.1776, 32.6181, 28.8693, 92.5724, 39.3197, 5.82197, 75.4578, 97.097, 86.5239, 93.4534, 74.5459, 6.26449, 34.3229, 64.3913, 71.0108, 70.4135, 35.4796, 70.5183
64.5866, 20.0065, 86.4033, 99.7538, 34.939, 82.2826, 49.9981, 11.1809, 3.48514, 8.92365, 55.9354, 69.2859, 10.9546, 51.2158, 57.3141, 22.1764, 60.4231, 66.1448, 76.5086, 35.4444, 23.8601, 11.4664, 27.6717, 77.2048, 9.57849, 98.9462, 78.0014, 84.0438, 42.5309, 49.3657, 11.5171, 97.9785, 3.75535, 98.961, 81.979, 17.0658, 7.76731, 69.7245, 92.0049, 56.8075, 15.9072, 20.7338, 14.4202, 42.292, 77.0899, 62.6118, 55.2207, 73.1949, 38.3258, 84.4512, 22.0488, 97.9844, 4.74822, 78.5151, 99.0266, 44.8295, 93.3792, 49.615, 3.00651, 31.4472, 82.2509, 13.1928, 45.3184, 20.8657
85.4651, 90.0659, 96.9955, 72.7634, 75.6255, 36.1096, 4.84992, 15.2268, 35.6184, 39.9623, 38.2738, 11.0697, 31.0627, 0.512, 4.09122, 1.63305, 51.5732, 28.1246, 97.4137, 22.5147, 71.2108, 67.1079, 20.1277, 68.0366, 46.7403, 64.7819, 51.9428, 67.9519, 34.4916, 14.0757, 73.9191, 61.4706, 96.3084, 17.4588, 66.6711, 51.3761, 69.3763, 28.9988, 89.649, 61.1169, 1.82215, 39.2063, 94.9608, 47.0887, 77.8316, 17.8194, 95.2351, 9.65351, 54.5419, 90.3987, 62.2588, 78.7626, 59.9019, 88.537, 56.9825, 1.9598, 87.9637, 33.2762, 84.3124, 23.0866, 3.36061, 7.68593, 77.3343, 62.3328
27.9333, 79.4569, 92.8067, 95.3949, 88.4108, 56.6169, 11.3356, 73.4554, 71.5891, 76.9641, 36.1648, 64.7477, 38.4829, 72.6024, 37.067, 49.2992, 42.772, 26.0978, 27.3542, 3.4508, 91.1658, 55.8642, 57.5962, 78.3675, 79.8438, 30.7629, 93.9548, 10.6508, 55.1273, 71.0898, 24.7283, 93.8896, 19.1782, 43.6311, 21.1821, 92.187, 97.7208, 53.0142, 51.7193, 61.767, 40.3099, 61.811, 82.6168, 51.5389, 65.2113, 3.48359, 62.0699, 71.9593, 43.6981, 83.2859, 38.5502, 19.3718, 32.1751, 34.9333, 84.5728, 98.0998, 38.7603, 58.6989, 87.1377, 35.7493, 1.44961, 18.2711, 41.6241, 34.3471
89.5449, 90.2935, 23.6504, 44.25, 79.215, 55.5446, 19.3835, 59.2184, 70.9576, 1.25251, 92.5277, 36.7926, 72.4583, 59.8465, 39.089, 29.2695, 91.4367, 34.8156, 54.4436, 96.2236, 12.1073, 4.61124, 83.7934, 61.4481, 75.6394, 70.1961, 53.7477, 54.6643, 22.0626, 59.5548, 62.582, 48.7966, 69.8832, 25.641, 58.1895, 68.3035, 68.0216, 58.7964, 97.238, 23.0161, 89.2739, 27.1719, 65.3735, 79.0979, 84.0558, 39.5704, 6.70305, 91.0562, 93.9165, 70.6938, 80.7412, 7.09682, 42.753, 40.4861, 89.3919, 73.2663, 76.6238, 85.867, 53.4695, 10.8196, 43.2322, 43.5137, 11.6869, 75.0924
94.2936, 85.8631, 80.5564, 86.31, 78.7976, 8.92077, 57.0446, 32.0008, 22.2821, 87.9304, 85.433, 46.4064, 7.31543, 71.1722, 88.865, 6.38409, 43.0174, 92.8834, 25.0056, 87.6815, 9.2431, 91.1898, 61.1086, 88.8725, 2.23308, 48.4449, 59.5473, 81.5972, 48.7202, 55.9108, 59.0605, 89.5591, 56.7857, 99.7586, 48.1627, 60.8412, 81.9855, 41.5766, 84.5616, 18.552, 93.9306, 85.155, 72.6007, 5.06244, 30.6471, 82.1204, 43.5689, 45.1723, 4.29106, 7.51122, 85.6998, 31.4909, 13.3458, 93.665, 94.2855, 5.88003, 54.2984, 44.8797, 92.9373, 59.7276, 51.2774, 54.7799, 63.7333, 85.241
48.6485, 12.3101, 3.38807, 19.9638, 80.5571, 26.8494, 33.9531, 1.01838, 97.9768, 95.1428, 86.6677, 5.86396, 20.1429, 84.7703, 71.6129, 88.2235, 92.5426, 54.0204, 76.872, 26.115, 62.3216, 68.7511, 69.8524, 24.7021, 14.2405, 9.73972, 93.9824, 24.9155, 97.6941, 62.1254, 36.962, 87.0674, 8.1021, 13.1365, 95.0431, 46.4281, 59.3211, 62.9378, 95.469, 53.2135, 56.4162, 89.1393, 73.4227, 9.38918, 2.09138, 0.708397, 17.5763, 10.688, 14.3965, 60.0387, 49.3395, 58.4207, 76.0892, 43.1161, 71.9141, 97.7194, 49.0606, 15.2538, 26.8327, 52.5092, 78.0941, 70.8436, 38.8702, 48.2263
31.5115, 86.6251, 32.524, 6.87154, 6.59119, 52.9779, 18.3402, 77.6768, 2.03561, 81.9315, 0.543142, 38.5519, 55.0202, 86.3079, 44.9942, 91.5621, 44.5695, 8.36362, 31.8021, 33.2306, 22.1307, 73.7042, 65.9844, 7.79002, 36.4645, 54.9791, 95.939, 12.8286, 19.9821, 4.50472, 41.9511, 58.7457, 27.7303, 13.0135, 38.4019, 19.3257, 15.1491, 61.5324, 2.44631, 40.5952, 74.9501, 85.8898, 40.1043, 72.9121, 6.34592, 53.2903, 41.254, 10.7208, 49.8488, 85.6221, 20.6127, 9.06168, 19.9965, 87.485, 37.9692, 89.238, 69.2304, 32.5586, 13.6218, 44.8309, 33.1658, 79.2366, 93.0698, 82.56
26.2754, 23.1075, 98.2664, 88.0173, 53.3642, 29.8259, 76.1945, 46.202, 61.1417, 46.8823, 80.3566, 33.5229, 46.2661, 54.2575, 71.3358, 85.0666, 96.4539, 76.0059, 99.2979, 19.4252, 34.6241, 63.4272, 50.0462, 62.6142, 50.4288, 95.2604, 6.39094, 46.4178, 93.384, 93.3917, 46.8381, 30.2119, 20.2805, 27.2555, 78.1435, 42.149, 80.7603, 2.72877, 42.0021, 82.0597, 35.156, 22.1982, 40.1758, 11.4168, 75.447, 22.9332, 6.3598, 1.94817, 61.3419, 71.3095, 94.5254, 60.2538, 1.87681, 99.3846, 17.3789, 40.6371, 5.02272, 52.0999, 44.9543, 11.4675, 92.5022, 53.8607, 39.5646, 51.5813
96.5669, 10.6505, 21.3945, 72.304, 24.9283, 84.1157, 7.95685, 43.6895, 53.4084, 81.9676, 52.8873, 38.6544, 95.6411, 60.1254, 39.3779, 46.4714, 50.9441, 48.8211, 51.9072, 8.47692, 54.9184, 68.3075, 56.0802, 78.4293, 45.8818, 73.3257, 67.7086, 48.4921, 48.7964, 36.3548, 98.5832, 66.2051, 58.4848, 43.7662, 3.57855, 28.4094, 60.8308, 5.9448, 96.4679, 6.94659, 67.8761, 30.3748, 69.3941, 86.2085, 0.80076, 1.14586, 40.3812, 55.9852, 9.03688, 36.6014, 60.6009, 62.9426, 42.2925, 88.5057, 36.6707, 41.0946, 82.235, 1.36003, 28.7822, 27.0134, 4.44884, 40.1443, 24.0641, 25.2883
91.2332, 96.0085, 69.953, 36.2615, 66.003, 44.2506, 46.7314, 67.3744, 10.0063, 2.18237, 0.906445, 21.8613, 10.1827, 45.8769, 21.7544, 21.492, 67.4665, 71.3527, 99.796, 83.1175, 84.46, 34.6861, 95.6154, 76.162, 42.5566, 49.2265, 71.7033, 88.8095, 0.21855, 79.0644, 31.5513, 34.9508, 17.7085, 83.0047, 87.5494, 13.3798, 84.7438, 79.149, 28.8439, 5.84107, 46.2363, 47.2467, 32.9231, 3.69786, 87.7948, 35.8285, 42.3209, 90.8868, 11.8398, 36.2125, 86.5627, 72.0288, 29.5792, 42.1981, 60.8031, 49.2735, 97.7094, 17.4436, 41.8316, 81.2442, 40.186, 72.809, 69.5935, 57.8299
